


A.  .plot_1.curve_1.y_data (newton)
B.  .plot_1.curve_2.y_data (newton)
C.  .plot_1.curve_3.y_data (newton)
D.  .plot_1.curve_4.y_data (newton)

       A               B               C               D         
 0.000000E+00    0.000000E+00    0.000000E+00    0.000000E+00   
 0.000000E+00    0.000000E+00    0.000000E+00    0.000000E+00   
 0.000000E+00    0.000000E+00    0.000000E+00    0.000000E+00   
 9.466053E-05    0.000000E+00    0.000000E+00    0.000000E+00   
 1.356931E-02    0.000000E+00    0.000000E+00    0.000000E+00   
 6.795373E-02    0.000000E+00    0.000000E+00    0.000000E+00   
 2.190585E-01    0.000000E+00    0.000000E+00    0.000000E+00   
 4.895870E-01    0.000000E+00    0.000000E+00    0.000000E+00   
 8.163626E-01    0.000000E+00    0.000000E+00    0.000000E+00   
 1.098461E+00    0.000000E+00    0.000000E+00    0.000000E+00   
 1.297764E+00    0.000000E+00    0.000000E+00    0.000000E+00   
 1.541449E+00    0.000000E+00    0.000000E+00    0.000000E+00   
 1.743842E+00    0.000000E+00    0.000000E+00    0.000000E+00   
 1.936600E+00    0.000000E+00    0.000000E+00    0.000000E+00   
 2.131470E+00    0.000000E+00    0.000000E+00    0.000000E+00   
 2.256548E+00    0.000000E+00    0.000000E+00    0.000000E+00   
 1.582841E-02    0.000000E+00    0.000000E+00    0.000000E+00   
 1.653059E-02    0.000000E+00    0.000000E+00    0.000000E+00   
 1.910919E-02    0.000000E+00    0.000000E+00    0.000000E+00   
 2.130377E-02    0.000000E+00    0.000000E+00    0.000000E+00   
 2.395600E-02    0.000000E+00    0.000000E+00    0.000000E+00   
 2.625818E-02    0.000000E+00    0.000000E+00    0.000000E+00   
 2.846041E-02    0.000000E+00    0.000000E+00    0.000000E+00   
 3.126699E-02    0.000000E+00    0.000000E+00    0.000000E+00   
 3.382238E-02    0.000000E+00    0.000000E+00    0.000000E+00   
 3.570158E-02    0.000000E+00    0.000000E+00    0.000000E+00   
 3.796594E-02    0.000000E+00    0.000000E+00    0.000000E+00   
 4.037520E-02    0.000000E+00    0.000000E+00    0.000000E+00   
 4.238266E-02    0.000000E+00    0.000000E+00    0.000000E+00   
 4.416653E-02    0.000000E+00    0.000000E+00    0.000000E+00   
 4.717354E-02    0.000000E+00    0.000000E+00    0.000000E+00   
 4.989974E-02    0.000000E+00    0.000000E+00    0.000000E+00   
 5.225753E-02    0.000000E+00    0.000000E+00    0.000000E+00   
 5.686561E-02    0.000000E+00    0.000000E+00    0.000000E+00   
 5.984412E-02    0.000000E+00    0.000000E+00    0.000000E+00   
 6.399398E-02    0.000000E+00    0.000000E+00    0.000000E+00   
 6.915927E-02    0.000000E+00    0.000000E+00    0.000000E+00   
 7.324476E-02    0.000000E+00    0.000000E+00    0.000000E+00   
 7.950770E-02    0.000000E+00    0.000000E+00    0.000000E+00   
 8.390630E-02    0.000000E+00    0.000000E+00    0.000000E+00   
 9.111267E-02    0.000000E+00    0.000000E+00    0.000000E+00   
 9.633637E-02    0.000000E+00    0.000000E+00    0.000000E+00   
 1.024706E-01    0.000000E+00    0.000000E+00    0.000000E+00   
 1.102202E-01    0.000000E+00    0.000000E+00    0.000000E+00   
 1.165382E-01    0.000000E+00    0.000000E+00    0.000000E+00   
 1.223933E-01    0.000000E+00    0.000000E+00    0.000000E+00   
 0.000000E+00    0.000000E+00    0.000000E+00    0.000000E+00   
 0.000000E+00    0.000000E+00    0.000000E+00    0.000000E+00   
 0.000000E+00    0.000000E+00    0.000000E+00    0.000000E+00   
 0.000000E+00    0.000000E+00    0.000000E+00    0.000000E+00   
 0.000000E+00    0.000000E+00    0.000000E+00    0.000000E+00   
 0.000000E+00    0.000000E+00    0.000000E+00    0.000000E+00   
 0.000000E+00    0.000000E+00    0.000000E+00    0.000000E+00   
 0.000000E+00    0.000000E+00    0.000000E+00    0.000000E+00   
 0.000000E+00    0.000000E+00    0.000000E+00    0.000000E+00   
 0.000000E+00    0.000000E+00    0.000000E+00    0.000000E+00   
 0.000000E+00    0.000000E+00    0.000000E+00    0.000000E+00   
 0.000000E+00    0.000000E+00    0.000000E+00    0.000000E+00   
 0.000000E+00    0.000000E+00    0.000000E+00    0.000000E+00   
 0.000000E+00    0.000000E+00    0.000000E+00    0.000000E+00   
 0.000000E+00    0.000000E+00    0.000000E+00    0.000000E+00   
 0.000000E+00    0.000000E+00    0.000000E+00    0.000000E+00   
 0.000000E+00    0.000000E+00    0.000000E+00    0.000000E+00   
 0.000000E+00    0.000000E+00    0.000000E+00    0.000000E+00   
 0.000000E+00    0.000000E+00    0.000000E+00    0.000000E+00   
 0.000000E+00    0.000000E+00    0.000000E+00    0.000000E+00   
 0.000000E+00    0.000000E+00    0.000000E+00    0.000000E+00   
 0.000000E+00    0.000000E+00    0.000000E+00    0.000000E+00   
 0.000000E+00    0.000000E+00    0.000000E+00    0.000000E+00   
 0.000000E+00    0.000000E+00    0.000000E+00    0.000000E+00   
 0.000000E+00    0.000000E+00    0.000000E+00    0.000000E+00   
 0.000000E+00    0.000000E+00    0.000000E+00    0.000000E+00   
 0.000000E+00    0.000000E+00    0.000000E+00    0.000000E+00   
 0.000000E+00    0.000000E+00    0.000000E+00    0.000000E+00   
 0.000000E+00    0.000000E+00    0.000000E+00    0.000000E+00   
 0.000000E+00    0.000000E+00    0.000000E+00    0.000000E+00   
 0.000000E+00    0.000000E+00    0.000000E+00    0.000000E+00   
 0.000000E+00    0.000000E+00    0.000000E+00    0.000000E+00   
 0.000000E+00    0.000000E+00    0.000000E+00    0.000000E+00   
 0.000000E+00    0.000000E+00    0.000000E+00    0.000000E+00   
 0.000000E+00    0.000000E+00    0.000000E+00    0.000000E+00   
 0.000000E+00    0.000000E+00    0.000000E+00    0.000000E+00   
 0.000000E+00    0.000000E+00    0.000000E+00    0.000000E+00   
 0.000000E+00    0.000000E+00    0.000000E+00    0.000000E+00   
 0.000000E+00    0.000000E+00    0.000000E+00    0.000000E+00   
 0.000000E+00    0.000000E+00    0.000000E+00    0.000000E+00   
 0.000000E+00    0.000000E+00    0.000000E+00    0.000000E+00   
 0.000000E+00    0.000000E+00    0.000000E+00    0.000000E+00   
 0.000000E+00    0.000000E+00    0.000000E+00    0.000000E+00   
 0.000000E+00    0.000000E+00    0.000000E+00    0.000000E+00   
 0.000000E+00    0.000000E+00    0.000000E+00    0.000000E+00   
 0.000000E+00    0.000000E+00    0.000000E+00    0.000000E+00   
 0.000000E+00    0.000000E+00    0.000000E+00    0.000000E+00   
 0.000000E+00    0.000000E+00    0.000000E+00    0.000000E+00   
 0.000000E+00    3.381698E-01    0.000000E+00    0.000000E+00   
 0.000000E+00    4.216619E+00    0.000000E+00    0.000000E+00   
 0.000000E+00    1.042472E+01    0.000000E+00    0.000000E+00   
 0.000000E+00    1.305110E-01    0.000000E+00    0.000000E+00   
 0.000000E+00    1.051456E-01    0.000000E+00    0.000000E+00   
 0.000000E+00    1.110758E-01    0.000000E+00    0.000000E+00   
 0.000000E+00    1.006986E-01    0.000000E+00    0.000000E+00   
 0.000000E+00    9.094574E-02    0.000000E+00    0.000000E+00   
 0.000000E+00    7.995835E-02    0.000000E+00    0.000000E+00   
 0.000000E+00    6.967816E-02    0.000000E+00    0.000000E+00   
 0.000000E+00    5.881857E-02    0.000000E+00    0.000000E+00   
 0.000000E+00    4.678530E-02    0.000000E+00    0.000000E+00   
 0.000000E+00    3.460697E-02    0.000000E+00    0.000000E+00   
 0.000000E+00    2.518540E-02    0.000000E+00    0.000000E+00   
 0.000000E+00    2.950035E-02    0.000000E+00    0.000000E+00   
 0.000000E+00    1.439346E-02    0.000000E+00    0.000000E+00   
 0.000000E+00    3.249876E-03    0.000000E+00    0.000000E+00   
 0.000000E+00    8.751377E-04    0.000000E+00    0.000000E+00   
 0.000000E+00    6.867937E-03    0.000000E+00    0.000000E+00   
 0.000000E+00    5.260148E-02    0.000000E+00    0.000000E+00   
 0.000000E+00    1.481859E-02    0.000000E+00    0.000000E+00   
 0.000000E+00    1.784743E-02    0.000000E+00    0.000000E+00   
 0.000000E+00    8.044042E-03    0.000000E+00    0.000000E+00   
 1.596384E-02    0.000000E+00    0.000000E+00    0.000000E+00   
 1.725040E-03    0.000000E+00    0.000000E+00    0.000000E+00   
 1.794556E-02    0.000000E+00    0.000000E+00    0.000000E+00   
 8.391653E-03    0.000000E+00    0.000000E+00    0.000000E+00   
 1.132152E-02    0.000000E+00    0.000000E+00    0.000000E+00   
 3.353039E-03    0.000000E+00    0.000000E+00    0.000000E+00   
 1.564682E-02    0.000000E+00    0.000000E+00    0.000000E+00   
 1.027732E-02    0.000000E+00    0.000000E+00    0.000000E+00   
 3.950308E-03    0.000000E+00    0.000000E+00    0.000000E+00   
 4.874515E-03    0.000000E+00    0.000000E+00    0.000000E+00   
 3.419844E-04    0.000000E+00    0.000000E+00    0.000000E+00   
 4.492052E-03    0.000000E+00    0.000000E+00    0.000000E+00   
 2.923317E-02    0.000000E+00    0.000000E+00    0.000000E+00   
 3.307471E-03    0.000000E+00    0.000000E+00    0.000000E+00   
 2.629004E-02    0.000000E+00    0.000000E+00    0.000000E+00   
 1.002032E-02    0.000000E+00    0.000000E+00    0.000000E+00   
 1.825580E-02    0.000000E+00    0.000000E+00    0.000000E+00   
 1.710402E-02    0.000000E+00    0.000000E+00    0.000000E+00   
 1.930835E-02    0.000000E+00    0.000000E+00    0.000000E+00   
 0.000000E+00    2.836052E-03    0.000000E+00    0.000000E+00   
 0.000000E+00    7.231168E-04    0.000000E+00    0.000000E+00   
 0.000000E+00    1.189835E-02    0.000000E+00    0.000000E+00   
 0.000000E+00    5.905377E-03    0.000000E+00    0.000000E+00   
 0.000000E+00    1.486604E-02    0.000000E+00    0.000000E+00   
 0.000000E+00    1.846677E-02    0.000000E+00    0.000000E+00   
 0.000000E+00    2.654887E-02    0.000000E+00    0.000000E+00   
 0.000000E+00    4.611015E-02    0.000000E+00    0.000000E+00   
 0.000000E+00    1.234943E-01    0.000000E+00    0.000000E+00   
 0.000000E+00    6.347548E-02    0.000000E+00    0.000000E+00   
 0.000000E+00    7.222214E-02    0.000000E+00    0.000000E+00   
 0.000000E+00    8.480221E-02    0.000000E+00    0.000000E+00   
 0.000000E+00    9.363847E-02    0.000000E+00    0.000000E+00   
 0.000000E+00    9.708614E-02    0.000000E+00    0.000000E+00   
 0.000000E+00    1.052165E-01    0.000000E+00    0.000000E+00   
 0.000000E+00    1.127790E-01    0.000000E+00    0.000000E+00   
 0.000000E+00    1.257794E-01    0.000000E+00    0.000000E+00   
 0.000000E+00    1.330566E-01    0.000000E+00    0.000000E+00   
 0.000000E+00    0.000000E+00    0.000000E+00    0.000000E+00   
 0.000000E+00    0.000000E+00    0.000000E+00    0.000000E+00   
 0.000000E+00    0.000000E+00    0.000000E+00    0.000000E+00   
 0.000000E+00    0.000000E+00    0.000000E+00    0.000000E+00   
 0.000000E+00    0.000000E+00    0.000000E+00    0.000000E+00   
 0.000000E+00    0.000000E+00    0.000000E+00    0.000000E+00   
 0.000000E+00    0.000000E+00    0.000000E+00    0.000000E+00   
 0.000000E+00    0.000000E+00    0.000000E+00    0.000000E+00   
 0.000000E+00    0.000000E+00    0.000000E+00    0.000000E+00   
 0.000000E+00    0.000000E+00    0.000000E+00    0.000000E+00   
 0.000000E+00    0.000000E+00    0.000000E+00    0.000000E+00   
 0.000000E+00    0.000000E+00    0.000000E+00    0.000000E+00   
 0.000000E+00    0.000000E+00    0.000000E+00    0.000000E+00   
 0.000000E+00    0.000000E+00    0.000000E+00    0.000000E+00   
 0.000000E+00    0.000000E+00    0.000000E+00    0.000000E+00   
 0.000000E+00    0.000000E+00    0.000000E+00    0.000000E+00   
 0.000000E+00    0.000000E+00    0.000000E+00    0.000000E+00   
 0.000000E+00    0.000000E+00    0.000000E+00    0.000000E+00   
 0.000000E+00    0.000000E+00    0.000000E+00    0.000000E+00   
 0.000000E+00    0.000000E+00    0.000000E+00    0.000000E+00   
 0.000000E+00    0.000000E+00    0.000000E+00    0.000000E+00   
 0.000000E+00    0.000000E+00    0.000000E+00    0.000000E+00   
 0.000000E+00    0.000000E+00    0.000000E+00    0.000000E+00   
 0.000000E+00    0.000000E+00    0.000000E+00    0.000000E+00   
 0.000000E+00    0.000000E+00    0.000000E+00    0.000000E+00   
 0.000000E+00    0.000000E+00    0.000000E+00    0.000000E+00   
 0.000000E+00    0.000000E+00    0.000000E+00    0.000000E+00   
 0.000000E+00    0.000000E+00    0.000000E+00    0.000000E+00   
 0.000000E+00    0.000000E+00    0.000000E+00    0.000000E+00   
 0.000000E+00    0.000000E+00    0.000000E+00    0.000000E+00   
 0.000000E+00    0.000000E+00    0.000000E+00    0.000000E+00   
 0.000000E+00    0.000000E+00    0.000000E+00    0.000000E+00   
 0.000000E+00    0.000000E+00    0.000000E+00    0.000000E+00   
 0.000000E+00    0.000000E+00    0.000000E+00    0.000000E+00   
 0.000000E+00    0.000000E+00    0.000000E+00    0.000000E+00   
 0.000000E+00    0.000000E+00    0.000000E+00    0.000000E+00   
 0.000000E+00    0.000000E+00    0.000000E+00    0.000000E+00   
 0.000000E+00    0.000000E+00    0.000000E+00    0.000000E+00   
 0.000000E+00    0.000000E+00    0.000000E+00    0.000000E+00   
 2.490781E-01    0.000000E+00    0.000000E+00    0.000000E+00   
 5.675768E-02    0.000000E+00    0.000000E+00    0.000000E+00   
 7.919553E-02    0.000000E+00    0.000000E+00    0.000000E+00   
 5.666066E-01    0.000000E+00    0.000000E+00    0.000000E+00   
 1.600646E-01    0.000000E+00    0.000000E+00    0.000000E+00   
 3.612624E-01    0.000000E+00    0.000000E+00    0.000000E+00   
 7.821078E-01    0.000000E+00    0.000000E+00    0.000000E+00   
 3.351098E-01    0.000000E+00    0.000000E+00    0.000000E+00   
 9.422468E-01    0.000000E+00    0.000000E+00    0.000000E+00   
 0.000000E+00    4.442798E-01    0.000000E+00    0.000000E+00   
 0.000000E+00    1.136629E+00    0.000000E+00    0.000000E+00   
 0.000000E+00    7.040439E-01    0.000000E+00    0.000000E+00   
 0.000000E+00    1.265014E+00    0.000000E+00    0.000000E+00   
 0.000000E+00    7.132918E-01    0.000000E+00    0.000000E+00   
 0.000000E+00    1.063870E+00    0.000000E+00    0.000000E+00   
 0.000000E+00    8.749148E-01    0.000000E+00    0.000000E+00   
 0.000000E+00    1.531997E+00    0.000000E+00    0.000000E+00   
 0.000000E+00    1.273929E+00    0.000000E+00    0.000000E+00   
 0.000000E+00    1.655492E+00    0.000000E+00    0.000000E+00   
 0.000000E+00    1.120945E+00    0.000000E+00    0.000000E+00   
 0.000000E+00    1.392987E+00    0.000000E+00    0.000000E+00   
 0.000000E+00    1.223550E+00    0.000000E+00    0.000000E+00   
 0.000000E+00    1.856826E+00    0.000000E+00    0.000000E+00   
 0.000000E+00    1.539282E+00    0.000000E+00    0.000000E+00   
 0.000000E+00    1.967727E+00    0.000000E+00    0.000000E+00   
 0.000000E+00    1.936278E+00    0.000000E+00    0.000000E+00   
 0.000000E+00    1.514161E+00    0.000000E+00    0.000000E+00   
 0.000000E+00    2.158351E+00    0.000000E+00    0.000000E+00   
 0.000000E+00    1.595663E+00    0.000000E+00    0.000000E+00   
 0.000000E+00    2.223789E+00    0.000000E+00    0.000000E+00   
 0.000000E+00    1.669568E+00    0.000000E+00    0.000000E+00   
 0.000000E+00    2.312731E+00    0.000000E+00    0.000000E+00   
 0.000000E+00    2.241904E+00    0.000000E+00    0.000000E+00   
 0.000000E+00    1.770523E+00    0.000000E+00    0.000000E+00   
 0.000000E+00    1.813814E+00    0.000000E+00    0.000000E+00   
 0.000000E+00    2.165326E+00    0.000000E+00    0.000000E+00   
 0.000000E+00    1.884051E+00    0.000000E+00    0.000000E+00   
 0.000000E+00    2.487802E+00    0.000000E+00    0.000000E+00   
 0.000000E+00    1.937069E+00    0.000000E+00    0.000000E+00   
 0.000000E+00    2.520135E+00    0.000000E+00    0.000000E+00   
 0.000000E+00    1.984617E+00    0.000000E+00    0.000000E+00   
 0.000000E+00    2.460332E+00    0.000000E+00    0.000000E+00   
 2.601236E+00    0.000000E+00    0.000000E+00    0.000000E+00   
 6.505683E-02    0.000000E+00    0.000000E+00    0.000000E+00   
 4.157805E-02    0.000000E+00    0.000000E+00    0.000000E+00   
 5.787282E-02    0.000000E+00    0.000000E+00    0.000000E+00   
 3.552892E-02    0.000000E+00    0.000000E+00    0.000000E+00   
 5.668694E-02    0.000000E+00    0.000000E+00    0.000000E+00   
 5.460556E-02    0.000000E+00    0.000000E+00    0.000000E+00   
 4.120417E-02    0.000000E+00    0.000000E+00    0.000000E+00   
 3.318402E-02    0.000000E+00    0.000000E+00    0.000000E+00   
 5.132711E-02    0.000000E+00    0.000000E+00    0.000000E+00   
 3.374094E-02    0.000000E+00    0.000000E+00    0.000000E+00   
 4.917805E-02    0.000000E+00    0.000000E+00    0.000000E+00   
 4.731786E-02    0.000000E+00    0.000000E+00    0.000000E+00   
 4.540913E-02    0.000000E+00    0.000000E+00    0.000000E+00   
 4.498513E-02    0.000000E+00    0.000000E+00    0.000000E+00   
 3.113079E-02    0.000000E+00    0.000000E+00    0.000000E+00   
 3.988158E-02    0.000000E+00    0.000000E+00    0.000000E+00   
 3.033994E-02    0.000000E+00    0.000000E+00    0.000000E+00   
 4.181568E-02    0.000000E+00    0.000000E+00    0.000000E+00   
 2.923441E-02    0.000000E+00    0.000000E+00    0.000000E+00   
 2.875653E-02    0.000000E+00    0.000000E+00    0.000000E+00   
 3.841176E-02    0.000000E+00    0.000000E+00    0.000000E+00   
 3.295517E-02    0.000000E+00    0.000000E+00    0.000000E+00   
 3.624375E-02    0.000000E+00    0.000000E+00    0.000000E+00   
 2.613901E-02    0.000000E+00    0.000000E+00    0.000000E+00   
 3.494143E-02    0.000000E+00    0.000000E+00    0.000000E+00   
 3.276849E-02    0.000000E+00    0.000000E+00    0.000000E+00   
 2.713048E-02    0.000000E+00    0.000000E+00    0.000000E+00   
 0.000000E+00    2.328656E-02    0.000000E+00    0.000000E+00   
 0.000000E+00    3.002280E-02    0.000000E+00    0.000000E+00   
 0.000000E+00    2.174912E-02    0.000000E+00    0.000000E+00   
 0.000000E+00    2.801564E-02    0.000000E+00    0.000000E+00   
 0.000000E+00    2.076869E-02    0.000000E+00    0.000000E+00   
 0.000000E+00    2.632241E-02    0.000000E+00    0.000000E+00   
 0.000000E+00    2.426373E-02    0.000000E+00    0.000000E+00   
 0.000000E+00    2.475218E-02    0.000000E+00    0.000000E+00   
 0.000000E+00    1.823329E-02    0.000000E+00    0.000000E+00   
 0.000000E+00    2.293991E-02    0.000000E+00    0.000000E+00   
 0.000000E+00    1.747344E-02    0.000000E+00    0.000000E+00   
 0.000000E+00    1.640695E-02    0.000000E+00    0.000000E+00   
 0.000000E+00    1.714719E-02    0.000000E+00    0.000000E+00   
 0.000000E+00    1.590646E-02    0.000000E+00    0.000000E+00   
 0.000000E+00    1.852690E-02    0.000000E+00    0.000000E+00   
 0.000000E+00    1.510976E-02    0.000000E+00    0.000000E+00   
 0.000000E+00    1.701342E-02    0.000000E+00    0.000000E+00   
 0.000000E+00    1.352754E-02    0.000000E+00    0.000000E+00   
 0.000000E+00    1.542746E-02    0.000000E+00    0.000000E+00   
 0.000000E+00    1.445586E-02    0.000000E+00    0.000000E+00   
 0.000000E+00    1.252801E-02    0.000000E+00    0.000000E+00   
 0.000000E+00    1.044334E-02    0.000000E+00    0.000000E+00   
 0.000000E+00    9.602158E-03    0.000000E+00    0.000000E+00   
 0.000000E+00    9.217099E-03    0.000000E+00    0.000000E+00   
 0.000000E+00    1.051665E-02    0.000000E+00    0.000000E+00   
 0.000000E+00    9.058600E-03    0.000000E+00    0.000000E+00   
 0.000000E+00    9.065127E-03    0.000000E+00    0.000000E+00   
 0.000000E+00    7.845531E-03    0.000000E+00    0.000000E+00   
 0.000000E+00    6.212587E-03    0.000000E+00    0.000000E+00   
 6.096963E-03    0.000000E+00    0.000000E+00    0.000000E+00   
 5.480184E-03    0.000000E+00    0.000000E+00    0.000000E+00   
 4.625230E-03    0.000000E+00    0.000000E+00    0.000000E+00   
 4.158447E-03    0.000000E+00    0.000000E+00    0.000000E+00   
 2.999301E-03    0.000000E+00    0.000000E+00    0.000000E+00   
 2.143014E-03    0.000000E+00    0.000000E+00    0.000000E+00   
 1.882192E-03    0.000000E+00    0.000000E+00    0.000000E+00   
 1.294398E-03    0.000000E+00    0.000000E+00    0.000000E+00   
 9.895889E-04    0.000000E+00    0.000000E+00    0.000000E+00   
 9.935266E-05    0.000000E+00    0.000000E+00    0.000000E+00   
 4.474742E-04    0.000000E+00    0.000000E+00    0.000000E+00   
 8.301358E-05    0.000000E+00    0.000000E+00    0.000000E+00   
 0.000000E+00    0.000000E+00    0.000000E+00    0.000000E+00   
 0.000000E+00    0.000000E+00    0.000000E+00    0.000000E+00   
 2.005784E-02    0.000000E+00    0.000000E+00    0.000000E+00   
 0.000000E+00    0.000000E+00    0.000000E+00    0.000000E+00   
 0.000000E+00    0.000000E+00    0.000000E+00    0.000000E+00   
 9.999310E-05    0.000000E+00    0.000000E+00    0.000000E+00   
 1.775618E-04    0.000000E+00    0.000000E+00    0.000000E+00   
 0.000000E+00    0.000000E+00    0.000000E+00    0.000000E+00   
 2.455634E-03    0.000000E+00    0.000000E+00    0.000000E+00   
 1.224543E-01    0.000000E+00    0.000000E+00    0.000000E+00   
 0.000000E+00    0.000000E+00    0.000000E+00    0.000000E+00   
 1.517153E-02    0.000000E+00    0.000000E+00    0.000000E+00   
 0.000000E+00    1.938755E-01    0.000000E+00    0.000000E+00   
 0.000000E+00    0.000000E+00    0.000000E+00    0.000000E+00   
 0.000000E+00    0.000000E+00    0.000000E+00    0.000000E+00   
 0.000000E+00    2.262066E-04    0.000000E+00    0.000000E+00   
 0.000000E+00    8.204216E-02    0.000000E+00    0.000000E+00   
 0.000000E+00    0.000000E+00    0.000000E+00    0.000000E+00   
 0.000000E+00    0.000000E+00    0.000000E+00    0.000000E+00   
 0.000000E+00    0.000000E+00    0.000000E+00    0.000000E+00   
 0.000000E+00    1.806869E-01    0.000000E+00    0.000000E+00   
 0.000000E+00    0.000000E+00    0.000000E+00    0.000000E+00   
 0.000000E+00    0.000000E+00    0.000000E+00    0.000000E+00   
 0.000000E+00    0.000000E+00    0.000000E+00    0.000000E+00   
 0.000000E+00    1.653081E-01    0.000000E+00    0.000000E+00   
 0.000000E+00    0.000000E+00    0.000000E+00    0.000000E+00   
 0.000000E+00    0.000000E+00    0.000000E+00    0.000000E+00   
 0.000000E+00    0.000000E+00    0.000000E+00    0.000000E+00   
 0.000000E+00    1.500643E-01    0.000000E+00    0.000000E+00   
 0.000000E+00    0.000000E+00    0.000000E+00    0.000000E+00   
 0.000000E+00    0.000000E+00    0.000000E+00    0.000000E+00   
 0.000000E+00    6.487065E-03    0.000000E+00    0.000000E+00   
 0.000000E+00    2.265027E-02    0.000000E+00    0.000000E+00   
 0.000000E+00    0.000000E+00    0.000000E+00    0.000000E+00   
 0.000000E+00    7.689302E-03    0.000000E+00    0.000000E+00   
 0.000000E+00    1.393405E-01    0.000000E+00    0.000000E+00   
 0.000000E+00    0.000000E+00    0.000000E+00    0.000000E+00   
 0.000000E+00    0.000000E+00    0.000000E+00    0.000000E+00   
 0.000000E+00    0.000000E+00    0.000000E+00    0.000000E+00   
 0.000000E+00    1.344296E-02    0.000000E+00    0.000000E+00   
 0.000000E+00    0.000000E+00    0.000000E+00    0.000000E+00   
 0.000000E+00    0.000000E+00    0.000000E+00    0.000000E+00   
 0.000000E+00    0.000000E+00    0.000000E+00    0.000000E+00   
 0.000000E+00    1.325020E-01    0.000000E+00    0.000000E+00   
 0.000000E+00    0.000000E+00    0.000000E+00    0.000000E+00   
 0.000000E+00    0.000000E+00    0.000000E+00    0.000000E+00   
 0.000000E+00    2.477168E-03    0.000000E+00    0.000000E+00   
 0.000000E+00    1.224802E-01    0.000000E+00    0.000000E+00   
 0.000000E+00    3.389645E-05    0.000000E+00    0.000000E+00   
 0.000000E+00    0.000000E+00    0.000000E+00    0.000000E+00   
 0.000000E+00    7.998819E-03    0.000000E+00    0.000000E+00   
 0.000000E+00    1.093243E-01    0.000000E+00    0.000000E+00   
 0.000000E+00    0.000000E+00    0.000000E+00    0.000000E+00   
 0.000000E+00    0.000000E+00    0.000000E+00    0.000000E+00   
 0.000000E+00    8.398780E-03    0.000000E+00    0.000000E+00   
 0.000000E+00    5.395132E-02    0.000000E+00    0.000000E+00   
 0.000000E+00    0.000000E+00    0.000000E+00    0.000000E+00   
 0.000000E+00    0.000000E+00    0.000000E+00    0.000000E+00   
 0.000000E+00    0.000000E+00    0.000000E+00    0.000000E+00   
 0.000000E+00    1.157106E-01    0.000000E+00    0.000000E+00   
 0.000000E+00    0.000000E+00    0.000000E+00    0.000000E+00   
 0.000000E+00    0.000000E+00    0.000000E+00    0.000000E+00   
 0.000000E+00    5.057851E-03    0.000000E+00    0.000000E+00   
 0.000000E+00    0.000000E+00    0.000000E+00    0.000000E+00   
 0.000000E+00    0.000000E+00    0.000000E+00    0.000000E+00   
 0.000000E+00    5.641877E-03    0.000000E+00    0.000000E+00   
 0.000000E+00    9.219785E-02    0.000000E+00    0.000000E+00   
 0.000000E+00    0.000000E+00    0.000000E+00    0.000000E+00   
 0.000000E+00    2.536558E-03    0.000000E+00    0.000000E+00   
 0.000000E+00    3.505761E-02    0.000000E+00    0.000000E+00   
 0.000000E+00    0.000000E+00    0.000000E+00    0.000000E+00   
 0.000000E+00    0.000000E+00    0.000000E+00    0.000000E+00   
 0.000000E+00    0.000000E+00    0.000000E+00    0.000000E+00   
 0.000000E+00    8.141394E-02    0.000000E+00    0.000000E+00   
 0.000000E+00    0.000000E+00    0.000000E+00    0.000000E+00   
 0.000000E+00    0.000000E+00    0.000000E+00    0.000000E+00   
 1.011428E-02    0.000000E+00    0.000000E+00    0.000000E+00   
 2.893840E-02    0.000000E+00    0.000000E+00    0.000000E+00   
 0.000000E+00    0.000000E+00    0.000000E+00    0.000000E+00   
 3.703351E-05    0.000000E+00    0.000000E+00    0.000000E+00   
 3.112133E-02    0.000000E+00    0.000000E+00    0.000000E+00   
 0.000000E+00    0.000000E+00    0.000000E+00    0.000000E+00   
 0.000000E+00    0.000000E+00    0.000000E+00    0.000000E+00   
 0.000000E+00    0.000000E+00    0.000000E+00    0.000000E+00   
 0.000000E+00    0.000000E+00    0.000000E+00    0.000000E+00   
 1.449328E-09    0.000000E+00    0.000000E+00    0.000000E+00   
 2.261577E-02    0.000000E+00    0.000000E+00    0.000000E+00   
 0.000000E+00    0.000000E+00    0.000000E+00    0.000000E+00   
 0.000000E+00    0.000000E+00    0.000000E+00    0.000000E+00   
 4.728062E-03    0.000000E+00    0.000000E+00    0.000000E+00   
 0.000000E+00    0.000000E+00    0.000000E+00    0.000000E+00   
 1.283785E-02    0.000000E+00    0.000000E+00    0.000000E+00   
 0.000000E+00    1.964880E-04    0.000000E+00    0.000000E+00   
 0.000000E+00    3.470587E-04    0.000000E+00    0.000000E+00   
 0.000000E+00    7.197333E-04    0.000000E+00    0.000000E+00   
 0.000000E+00    9.757061E-04    0.000000E+00    0.000000E+00   
 0.000000E+00    1.505897E-03    0.000000E+00    0.000000E+00   
 0.000000E+00    1.847482E-03    0.000000E+00    0.000000E+00   
 0.000000E+00    3.927923E-03    0.000000E+00    0.000000E+00   
 0.000000E+00    4.190281E-03    0.000000E+00    0.000000E+00   
 0.000000E+00    5.083074E-03    0.000000E+00    0.000000E+00   
 0.000000E+00    4.717578E-03    0.000000E+00    0.000000E+00   
 0.000000E+00    6.378579E-03    0.000000E+00    0.000000E+00   
 0.000000E+00    6.223531E-03    0.000000E+00    0.000000E+00   
 0.000000E+00    7.676270E-03    0.000000E+00    0.000000E+00   
 0.000000E+00    7.288564E-03    0.000000E+00    0.000000E+00   
 0.000000E+00    8.940041E-03    0.000000E+00    0.000000E+00   
 0.000000E+00    8.087873E-03    0.000000E+00    0.000000E+00   
 0.000000E+00    1.038976E-02    0.000000E+00    0.000000E+00   
 0.000000E+00    9.026007E-03    0.000000E+00    0.000000E+00   
 0.000000E+00    1.176607E-02    0.000000E+00    0.000000E+00   
 0.000000E+00    1.140122E-02    0.000000E+00    0.000000E+00   
 0.000000E+00    1.041578E-02    0.000000E+00    0.000000E+00   
 0.000000E+00    1.312680E-02    0.000000E+00    0.000000E+00   
 0.000000E+00    1.126405E-02    0.000000E+00    0.000000E+00   
 0.000000E+00    1.346161E-02    0.000000E+00    0.000000E+00   
 0.000000E+00    1.220291E-02    0.000000E+00    0.000000E+00   
 1.333084E-02    0.000000E+00    0.000000E+00    0.000000E+00   
 1.724922E-02    0.000000E+00    0.000000E+00    0.000000E+00   
 1.862237E-02    0.000000E+00    0.000000E+00    0.000000E+00   
 1.758391E-02    0.000000E+00    0.000000E+00    0.000000E+00   
 1.983535E-02    0.000000E+00    0.000000E+00    0.000000E+00   
 2.117159E-02    0.000000E+00    0.000000E+00    0.000000E+00   
 1.787509E-02    0.000000E+00    0.000000E+00    0.000000E+00   
 2.054903E-02    0.000000E+00    0.000000E+00    0.000000E+00   
 2.555314E-02    0.000000E+00    0.000000E+00    0.000000E+00   
 2.150891E-02    0.000000E+00    0.000000E+00    0.000000E+00   
 2.750337E-02    0.000000E+00    0.000000E+00    0.000000E+00   
 2.835400E-02    0.000000E+00    0.000000E+00    0.000000E+00   
 2.733508E-02    0.000000E+00    0.000000E+00    0.000000E+00   
 2.999634E-02    0.000000E+00    0.000000E+00    0.000000E+00   
 3.139106E-02    0.000000E+00    0.000000E+00    0.000000E+00   
 2.654924E-02    0.000000E+00    0.000000E+00    0.000000E+00   
 2.821189E-02    0.000000E+00    0.000000E+00    0.000000E+00   
 2.964392E-02    0.000000E+00    0.000000E+00    0.000000E+00   
 2.908813E-02    0.000000E+00    0.000000E+00    0.000000E+00   
 3.681206E-02    0.000000E+00    0.000000E+00    0.000000E+00   
 3.118918E-02    0.000000E+00    0.000000E+00    0.000000E+00   
 3.880647E-02    0.000000E+00    0.000000E+00    0.000000E+00   
 3.091908E-02    0.000000E+00    0.000000E+00    0.000000E+00   
 4.000976E-02    0.000000E+00    0.000000E+00    0.000000E+00   
 0.000000E+00    4.198439E-02    0.000000E+00    0.000000E+00   
 0.000000E+00    3.240611E-02    0.000000E+00    0.000000E+00   
 0.000000E+00    3.751182E-02    0.000000E+00    0.000000E+00   
 0.000000E+00    3.354420E-02    0.000000E+00    0.000000E+00   
 0.000000E+00    3.451546E-02    0.000000E+00    0.000000E+00   
 0.000000E+00    4.642801E-02    0.000000E+00    0.000000E+00   
 0.000000E+00    4.797749E-02    0.000000E+00    0.000000E+00   
 0.000000E+00    4.584030E-02    0.000000E+00    0.000000E+00   
 0.000000E+00    4.957172E-02    0.000000E+00    0.000000E+00   
 0.000000E+00    4.850773E-02    0.000000E+00    0.000000E+00   
 0.000000E+00    3.938032E-02    0.000000E+00    0.000000E+00   
 0.000000E+00    5.179045E-02    0.000000E+00    0.000000E+00   
 0.000000E+00    4.126155E-02    0.000000E+00    0.000000E+00   
 0.000000E+00    5.343528E-02    0.000000E+00    0.000000E+00   
 0.000000E+00    5.488938E-02    0.000000E+00    0.000000E+00   
 0.000000E+00    5.013096E-02    0.000000E+00    0.000000E+00   
 0.000000E+00    5.673858E-02    0.000000E+00    0.000000E+00   
 0.000000E+00    5.763699E-02    0.000000E+00    0.000000E+00   
 0.000000E+00    6.034115E-02    0.000000E+00    0.000000E+00   
 0.000000E+00    5.118885E-02    0.000000E+00    0.000000E+00   
 0.000000E+00    6.416614E-02    0.000000E+00    0.000000E+00   
 0.000000E+00    6.105475E-02    0.000000E+00    0.000000E+00   
 0.000000E+00    5.873328E-02    0.000000E+00    0.000000E+00   
 0.000000E+00    6.630100E-02    0.000000E+00    0.000000E+00   
 6.122400E-02    0.000000E+00    0.000000E+00    0.000000E+00   
 6.424721E-02    0.000000E+00    0.000000E+00    0.000000E+00   
 7.570442E-02    0.000000E+00    0.000000E+00    0.000000E+00   
 7.857677E-02    0.000000E+00    0.000000E+00    0.000000E+00   
 8.173943E-02    0.000000E+00    0.000000E+00    0.000000E+00   
 7.376043E-02    0.000000E+00    0.000000E+00    0.000000E+00   
 7.388316E-02    0.000000E+00    0.000000E+00    0.000000E+00   
 8.562377E-02    0.000000E+00    0.000000E+00    0.000000E+00   
 9.002710E-02    0.000000E+00    0.000000E+00    0.000000E+00   
 8.072164E-02    0.000000E+00    0.000000E+00    0.000000E+00   
 9.453664E-02    0.000000E+00    0.000000E+00    0.000000E+00   
 8.531988E-02    0.000000E+00    0.000000E+00    0.000000E+00   
 9.881525E-02    0.000000E+00    0.000000E+00    0.000000E+00   
 9.914550E-02    0.000000E+00    0.000000E+00    0.000000E+00   
 1.086611E-01    0.000000E+00    0.000000E+00    0.000000E+00   
 1.065786E-01    0.000000E+00    0.000000E+00    0.000000E+00   
 9.821345E-02    0.000000E+00    0.000000E+00    0.000000E+00   
 1.133579E-01    0.000000E+00    0.000000E+00    0.000000E+00   
 1.029842E-01    0.000000E+00    0.000000E+00    0.000000E+00   
 1.118444E-01    0.000000E+00    0.000000E+00    0.000000E+00   
 1.193846E-01    0.000000E+00    0.000000E+00    0.000000E+00   
 0.000000E+00    0.000000E+00    0.000000E+00    0.000000E+00   
 3.630891E-02    0.000000E+00    0.000000E+00    0.000000E+00   
 1.929731E-02    0.000000E+00    0.000000E+00    0.000000E+00   
 0.000000E+00    0.000000E+00    0.000000E+00    0.000000E+00   
 0.000000E+00    0.000000E+00    0.000000E+00    0.000000E+00   
 0.000000E+00    0.000000E+00    0.000000E+00    0.000000E+00   
 0.000000E+00    0.000000E+00    0.000000E+00    0.000000E+00   
 0.000000E+00    0.000000E+00    0.000000E+00    0.000000E+00   
 0.000000E+00    0.000000E+00    0.000000E+00    0.000000E+00   
 0.000000E+00    0.000000E+00    0.000000E+00    0.000000E+00   
 0.000000E+00    0.000000E+00    0.000000E+00    0.000000E+00   
 0.000000E+00    0.000000E+00    0.000000E+00    0.000000E+00   
 0.000000E+00    0.000000E+00    0.000000E+00    0.000000E+00   
 0.000000E+00    0.000000E+00    0.000000E+00    0.000000E+00   
 0.000000E+00    0.000000E+00    0.000000E+00    0.000000E+00   
 0.000000E+00    0.000000E+00    0.000000E+00    0.000000E+00   
 0.000000E+00    0.000000E+00    0.000000E+00    0.000000E+00   
 0.000000E+00    0.000000E+00    0.000000E+00    0.000000E+00   
 0.000000E+00    0.000000E+00    0.000000E+00    0.000000E+00   
 0.000000E+00    0.000000E+00    0.000000E+00    0.000000E+00   
 0.000000E+00    0.000000E+00    0.000000E+00    0.000000E+00   
 0.000000E+00    0.000000E+00    0.000000E+00    0.000000E+00   
 0.000000E+00    0.000000E+00    0.000000E+00    0.000000E+00   
 0.000000E+00    0.000000E+00    0.000000E+00    0.000000E+00   
 0.000000E+00    0.000000E+00    0.000000E+00    0.000000E+00   
 0.000000E+00    0.000000E+00    0.000000E+00    0.000000E+00   
 0.000000E+00    0.000000E+00    0.000000E+00    0.000000E+00   
 0.000000E+00    0.000000E+00    0.000000E+00    0.000000E+00   
 0.000000E+00    0.000000E+00    0.000000E+00    0.000000E+00   
 0.000000E+00    0.000000E+00    0.000000E+00    0.000000E+00   
 0.000000E+00    0.000000E+00    0.000000E+00    0.000000E+00   
 0.000000E+00    0.000000E+00    0.000000E+00    0.000000E+00   
 0.000000E+00    0.000000E+00    0.000000E+00    0.000000E+00   
 0.000000E+00    0.000000E+00    0.000000E+00    0.000000E+00   
 0.000000E+00    0.000000E+00    0.000000E+00    0.000000E+00   
 0.000000E+00    0.000000E+00    0.000000E+00    0.000000E+00   
 0.000000E+00    0.000000E+00    0.000000E+00    0.000000E+00   
 0.000000E+00    0.000000E+00    0.000000E+00    0.000000E+00   
 0.000000E+00    0.000000E+00    0.000000E+00    0.000000E+00   
 0.000000E+00    0.000000E+00    0.000000E+00    0.000000E+00   
 0.000000E+00    0.000000E+00    0.000000E+00    0.000000E+00   
 0.000000E+00    0.000000E+00    0.000000E+00    0.000000E+00   
 0.000000E+00    0.000000E+00    0.000000E+00    0.000000E+00   
 0.000000E+00    0.000000E+00    0.000000E+00    0.000000E+00   
 0.000000E+00    0.000000E+00    0.000000E+00    0.000000E+00   
 0.000000E+00    0.000000E+00    0.000000E+00    0.000000E+00   
 0.000000E+00    0.000000E+00    0.000000E+00    0.000000E+00   
 0.000000E+00    0.000000E+00    0.000000E+00    0.000000E+00   
 0.000000E+00    0.000000E+00    0.000000E+00    0.000000E+00   
 0.000000E+00    0.000000E+00    0.000000E+00    0.000000E+00   
 0.000000E+00    0.000000E+00    1.410617E-01    0.000000E+00   
 0.000000E+00    4.319361E+00    0.000000E+00    0.000000E+00   
 1.035998E+01    0.000000E+00    0.000000E+00    0.000000E+00   
 0.000000E+00    0.000000E+00    1.047218E-01    0.000000E+00   
 0.000000E+00    0.000000E+00    1.121994E-01    0.000000E+00   
 0.000000E+00    0.000000E+00    1.015779E-01    0.000000E+00   
 0.000000E+00    0.000000E+00    1.006972E-01    0.000000E+00   
 0.000000E+00    0.000000E+00    9.097971E-02    0.000000E+00   
 0.000000E+00    0.000000E+00    8.074849E-02    0.000000E+00   
 0.000000E+00    0.000000E+00    7.992263E-02    0.000000E+00   
 0.000000E+00    0.000000E+00    6.957178E-02    0.000000E+00   
 0.000000E+00    0.000000E+00    5.882050E-02    0.000000E+00   
 0.000000E+00    0.000000E+00    4.686345E-02    0.000000E+00   
 0.000000E+00    0.000000E+00    3.459037E-02    0.000000E+00   
 0.000000E+00    0.000000E+00    2.229078E-02    0.000000E+00   
 0.000000E+00    0.000000E+00    1.301521E-02    0.000000E+00   
 0.000000E+00    0.000000E+00    1.648421E-02    0.000000E+00   
 0.000000E+00    0.000000E+00    3.526993E-02    0.000000E+00   
 0.000000E+00    0.000000E+00    5.772762E-04    0.000000E+00   
 0.000000E+00    0.000000E+00    2.530234E-03    0.000000E+00   
 0.000000E+00    0.000000E+00    2.659703E-02    0.000000E+00   
 0.000000E+00    0.000000E+00    2.213200E-02    0.000000E+00   
 0.000000E+00    0.000000E+00    9.637727E-03    0.000000E+00   
 0.000000E+00    0.000000E+00    2.209100E-03    0.000000E+00   
 0.000000E+00    0.000000E+00    1.480683E-02    0.000000E+00   
 1.597017E-02    0.000000E+00    0.000000E+00    0.000000E+00   
 8.253165E-03    0.000000E+00    0.000000E+00    0.000000E+00   
 8.912965E-03    0.000000E+00    0.000000E+00    0.000000E+00   
 2.227479E-03    0.000000E+00    0.000000E+00    0.000000E+00   
 6.008093E-03    0.000000E+00    0.000000E+00    0.000000E+00   
 3.964609E-03    0.000000E+00    0.000000E+00    0.000000E+00   
 4.480652E-03    0.000000E+00    0.000000E+00    0.000000E+00   
 2.387146E-02    0.000000E+00    0.000000E+00    0.000000E+00   
 3.749764E-02    0.000000E+00    0.000000E+00    0.000000E+00   
 2.311017E-02    0.000000E+00    0.000000E+00    0.000000E+00   
 1.718906E-02    0.000000E+00    0.000000E+00    0.000000E+00   
 3.432497E-02    0.000000E+00    0.000000E+00    0.000000E+00   
 1.807531E-04    0.000000E+00    0.000000E+00    0.000000E+00   
 6.852503E-03    0.000000E+00    0.000000E+00    0.000000E+00   
 5.773559E-03    0.000000E+00    0.000000E+00    0.000000E+00   
 7.948497E-03    0.000000E+00    0.000000E+00    0.000000E+00   
 1.965785E-03    0.000000E+00    0.000000E+00    0.000000E+00   
 2.291857E-03    0.000000E+00    0.000000E+00    0.000000E+00   
 1.687701E-02    0.000000E+00    0.000000E+00    0.000000E+00   
 7.622763E-04    0.000000E+00    0.000000E+00    0.000000E+00   
 0.000000E+00    0.000000E+00    2.114719E-02    0.000000E+00   
 0.000000E+00    0.000000E+00    5.416914E-03    0.000000E+00   
 0.000000E+00    1.486234E-02    0.000000E+00    0.000000E+00   
 0.000000E+00    1.925007E-02    0.000000E+00    0.000000E+00   
 0.000000E+00    2.664796E-02    0.000000E+00    0.000000E+00   
 0.000000E+00    4.275628E-02    0.000000E+00    0.000000E+00   
 0.000000E+00    1.155355E-01    0.000000E+00    0.000000E+00   
 0.000000E+00    6.666925E-02    0.000000E+00    0.000000E+00   
 0.000000E+00    7.228318E-02    0.000000E+00    0.000000E+00   
 0.000000E+00    8.441365E-02    0.000000E+00    0.000000E+00   
 0.000000E+00    9.361726E-02    0.000000E+00    0.000000E+00   
 0.000000E+00    9.718168E-02    0.000000E+00    0.000000E+00   
 0.000000E+00    1.054148E-01    0.000000E+00    0.000000E+00   
 0.000000E+00    1.090755E-01    0.000000E+00    0.000000E+00   
 0.000000E+00    1.128696E-01    0.000000E+00    0.000000E+00   
 0.000000E+00    1.257496E-01    0.000000E+00    0.000000E+00   
 0.000000E+00    1.329837E-01    0.000000E+00    0.000000E+00   
 0.000000E+00    0.000000E+00    0.000000E+00    0.000000E+00   
 0.000000E+00    0.000000E+00    0.000000E+00    0.000000E+00   
 0.000000E+00    0.000000E+00    0.000000E+00    0.000000E+00   
 0.000000E+00    0.000000E+00    0.000000E+00    0.000000E+00   
 0.000000E+00    0.000000E+00    0.000000E+00    0.000000E+00   
 0.000000E+00    0.000000E+00    0.000000E+00    0.000000E+00   
 0.000000E+00    0.000000E+00    0.000000E+00    0.000000E+00   
 0.000000E+00    0.000000E+00    0.000000E+00    0.000000E+00   
 0.000000E+00    0.000000E+00    0.000000E+00    0.000000E+00   
 0.000000E+00    0.000000E+00    0.000000E+00    0.000000E+00   
 0.000000E+00    0.000000E+00    0.000000E+00    0.000000E+00   
 0.000000E+00    0.000000E+00    0.000000E+00    0.000000E+00   
 0.000000E+00    0.000000E+00    0.000000E+00    0.000000E+00   
 0.000000E+00    0.000000E+00    0.000000E+00    0.000000E+00   
 0.000000E+00    0.000000E+00    0.000000E+00    0.000000E+00   
 0.000000E+00    0.000000E+00    0.000000E+00    0.000000E+00   
 0.000000E+00    0.000000E+00    0.000000E+00    0.000000E+00   
 0.000000E+00    0.000000E+00    0.000000E+00    0.000000E+00   
 0.000000E+00    0.000000E+00    0.000000E+00    0.000000E+00   
 0.000000E+00    0.000000E+00    0.000000E+00    0.000000E+00   
 0.000000E+00    0.000000E+00    0.000000E+00    0.000000E+00   
 0.000000E+00    0.000000E+00    0.000000E+00    0.000000E+00   
 0.000000E+00    0.000000E+00    0.000000E+00    0.000000E+00   
 0.000000E+00    0.000000E+00    0.000000E+00    0.000000E+00   
 0.000000E+00    0.000000E+00    0.000000E+00    0.000000E+00   
 0.000000E+00    0.000000E+00    0.000000E+00    0.000000E+00   
 0.000000E+00    0.000000E+00    0.000000E+00    0.000000E+00   
 0.000000E+00    0.000000E+00    0.000000E+00    0.000000E+00   
 0.000000E+00    0.000000E+00    0.000000E+00    0.000000E+00   
 0.000000E+00    0.000000E+00    0.000000E+00    0.000000E+00   
 0.000000E+00    0.000000E+00    0.000000E+00    0.000000E+00   
 0.000000E+00    0.000000E+00    0.000000E+00    0.000000E+00   
 0.000000E+00    0.000000E+00    0.000000E+00    0.000000E+00   
 0.000000E+00    0.000000E+00    0.000000E+00    0.000000E+00   
 0.000000E+00    0.000000E+00    0.000000E+00    0.000000E+00   
 0.000000E+00    0.000000E+00    0.000000E+00    0.000000E+00   
 0.000000E+00    0.000000E+00    0.000000E+00    0.000000E+00   
 0.000000E+00    0.000000E+00    0.000000E+00    2.356087E-01   
 0.000000E+00    0.000000E+00    0.000000E+00    5.251844E-02   
 0.000000E+00    0.000000E+00    0.000000E+00    1.335701E-01   
 0.000000E+00    0.000000E+00    0.000000E+00    5.257885E-01   
 0.000000E+00    0.000000E+00    0.000000E+00    1.736765E-01   
 0.000000E+00    0.000000E+00    0.000000E+00    4.958788E-01   
 0.000000E+00    0.000000E+00    0.000000E+00    3.460373E-01   
 0.000000E+00    0.000000E+00    0.000000E+00    9.059351E-01   
 0.000000E+00    0.000000E+00    0.000000E+00    8.811603E-01   
 0.000000E+00    0.000000E+00    0.000000E+00    4.577818E-01   
 0.000000E+00    1.084326E+00    0.000000E+00    0.000000E+00   
 0.000000E+00    6.422239E-01    0.000000E+00    0.000000E+00   
 0.000000E+00    6.241689E-01    0.000000E+00    0.000000E+00   
 0.000000E+00    1.227781E+00    0.000000E+00    0.000000E+00   
 0.000000E+00    7.191718E-01    0.000000E+00    0.000000E+00   
 0.000000E+00    1.229527E+00    0.000000E+00    0.000000E+00   
 0.000000E+00    8.611549E-01    0.000000E+00    0.000000E+00   
 0.000000E+00    1.509557E+00    0.000000E+00    0.000000E+00   
 0.000000E+00    1.101894E+00    0.000000E+00    0.000000E+00   
 0.000000E+00    1.651368E+00    0.000000E+00    0.000000E+00   
 0.000000E+00    1.086997E+00    0.000000E+00    0.000000E+00   
 0.000000E+00    1.576858E+00    0.000000E+00    0.000000E+00   
 0.000000E+00    1.178618E+00    0.000000E+00    0.000000E+00   
 0.000000E+00    1.883604E+00    0.000000E+00    0.000000E+00   
 0.000000E+00    1.362374E+00    0.000000E+00    0.000000E+00   
 0.000000E+00    1.982002E+00    0.000000E+00    0.000000E+00   
 0.000000E+00    1.381836E+00    0.000000E+00    0.000000E+00   
 0.000000E+00    2.054476E+00    0.000000E+00    0.000000E+00   
 0.000000E+00    1.483914E+00    0.000000E+00    0.000000E+00   
 0.000000E+00    2.163595E+00    0.000000E+00    0.000000E+00   
 0.000000E+00    1.578761E+00    0.000000E+00    0.000000E+00   
 0.000000E+00    1.602193E+00    0.000000E+00    0.000000E+00   
 0.000000E+00    1.681474E+00    0.000000E+00    0.000000E+00   
 0.000000E+00    2.284422E+00    0.000000E+00    0.000000E+00   
 0.000000E+00    2.105213E+00    0.000000E+00    0.000000E+00   
 0.000000E+00    2.353566E+00    0.000000E+00    0.000000E+00   
 0.000000E+00    2.306042E+00    0.000000E+00    0.000000E+00   
 0.000000E+00    1.875104E+00    0.000000E+00    0.000000E+00   
 0.000000E+00    2.484995E+00    0.000000E+00    0.000000E+00   
 0.000000E+00    1.924257E+00    0.000000E+00    0.000000E+00   
 0.000000E+00    1.934011E+00    0.000000E+00    0.000000E+00   
 0.000000E+00    2.526635E+00    0.000000E+00    0.000000E+00   
 0.000000E+00    0.000000E+00    0.000000E+00    2.563216E+00   
 0.000000E+00    0.000000E+00    0.000000E+00    2.322845E+00   
 0.000000E+00    0.000000E+00    0.000000E+00    2.572181E+00   
 0.000000E+00    0.000000E+00    0.000000E+00    2.498430E+00   
 0.000000E+00    0.000000E+00    0.000000E+00    3.980479E-02   
 0.000000E+00    0.000000E+00    0.000000E+00    5.834670E-02   
 0.000000E+00    0.000000E+00    0.000000E+00    3.521741E-02   
 0.000000E+00    0.000000E+00    0.000000E+00    5.702388E-02   
 0.000000E+00    0.000000E+00    0.000000E+00    5.718984E-02   
 0.000000E+00    0.000000E+00    0.000000E+00    5.487012E-02   
 0.000000E+00    0.000000E+00    0.000000E+00    3.321056E-02   
 4.153396E-02    0.000000E+00    0.000000E+00    0.000000E+00   
 3.242154E-02    0.000000E+00    0.000000E+00    0.000000E+00   
 5.153690E-02    0.000000E+00    0.000000E+00    0.000000E+00   
 0.000000E+00    0.000000E+00    3.221446E-02    0.000000E+00   
 0.000000E+00    0.000000E+00    5.036067E-02    0.000000E+00   
 0.000000E+00    0.000000E+00    2.974704E-02    0.000000E+00   
 0.000000E+00    0.000000E+00    4.929379E-02    0.000000E+00   
 0.000000E+00    0.000000E+00    4.743040E-02    0.000000E+00   
 0.000000E+00    0.000000E+00    4.676629E-02    0.000000E+00   
 0.000000E+00    0.000000E+00    4.053929E-02    0.000000E+00   
 0.000000E+00    0.000000E+00    2.837741E-02    0.000000E+00   
 0.000000E+00    0.000000E+00    2.705177E-02    0.000000E+00   
 0.000000E+00    0.000000E+00    2.694839E-02    0.000000E+00   
 0.000000E+00    0.000000E+00    4.153495E-02    0.000000E+00   
 0.000000E+00    0.000000E+00    3.953175E-02    0.000000E+00   
 0.000000E+00    0.000000E+00    3.264835E-02    0.000000E+00   
 0.000000E+00    0.000000E+00    3.843275E-02    0.000000E+00   
 0.000000E+00    0.000000E+00    3.613742E-02    0.000000E+00   
 0.000000E+00    0.000000E+00    3.640479E-02    0.000000E+00   
 0.000000E+00    0.000000E+00    2.400790E-02    0.000000E+00   
 0.000000E+00    0.000000E+00    3.438620E-02    0.000000E+00   
 0.000000E+00    2.720472E-02    0.000000E+00    0.000000E+00   
 0.000000E+00    2.105975E-02    0.000000E+00    0.000000E+00   
 0.000000E+00    2.107746E-02    0.000000E+00    0.000000E+00   
 0.000000E+00    2.046991E-02    0.000000E+00    0.000000E+00   
 0.000000E+00    2.924027E-02    0.000000E+00    0.000000E+00   
 0.000000E+00    2.749848E-02    0.000000E+00    0.000000E+00   
 0.000000E+00    2.480947E-02    0.000000E+00    0.000000E+00   
 0.000000E+00    2.557792E-02    0.000000E+00    0.000000E+00   
 0.000000E+00    1.725955E-02    0.000000E+00    0.000000E+00   
 0.000000E+00    0.000000E+00    0.000000E+00    2.390456E-02   
 0.000000E+00    0.000000E+00    0.000000E+00    1.611168E-02   
 0.000000E+00    0.000000E+00    0.000000E+00    2.293773E-02   
 1.515029E-02    0.000000E+00    0.000000E+00    0.000000E+00   
 1.608240E-02    0.000000E+00    0.000000E+00    0.000000E+00   
 1.432184E-02    0.000000E+00    0.000000E+00    0.000000E+00   
 1.439001E-02    0.000000E+00    0.000000E+00    0.000000E+00   
 1.810921E-02    0.000000E+00    0.000000E+00    0.000000E+00   
 1.227815E-02    0.000000E+00    0.000000E+00    0.000000E+00   
 1.681161E-02    0.000000E+00    0.000000E+00    0.000000E+00   
 1.498667E-02    0.000000E+00    0.000000E+00    0.000000E+00   
 1.036699E-02    0.000000E+00    0.000000E+00    0.000000E+00   
 1.202842E-02    0.000000E+00    0.000000E+00    0.000000E+00   
 9.661323E-03    0.000000E+00    0.000000E+00    0.000000E+00   
 8.654652E-03    0.000000E+00    0.000000E+00    0.000000E+00   
 1.091572E-02    0.000000E+00    0.000000E+00    0.000000E+00   
 7.990421E-03    0.000000E+00    0.000000E+00    0.000000E+00   
 9.638491E-03    0.000000E+00    0.000000E+00    0.000000E+00   
 0.000000E+00    0.000000E+00    7.909508E-03    0.000000E+00   
 0.000000E+00    0.000000E+00    5.869923E-03    0.000000E+00   
 0.000000E+00    0.000000E+00    5.350146E-03    0.000000E+00   
 0.000000E+00    0.000000E+00    4.882182E-03    0.000000E+00   
 0.000000E+00    0.000000E+00    5.364261E-03    0.000000E+00   
 0.000000E+00    0.000000E+00    5.490942E-03    0.000000E+00   
 0.000000E+00    0.000000E+00    4.290346E-03    0.000000E+00   
 0.000000E+00    0.000000E+00    3.218913E-03    0.000000E+00   
 0.000000E+00    0.000000E+00    2.255610E-03    0.000000E+00   
 0.000000E+00    0.000000E+00    2.383364E-03    0.000000E+00   
 0.000000E+00    1.879382E-03    0.000000E+00    0.000000E+00   
 0.000000E+00    2.810397E-03    0.000000E+00    0.000000E+00   
 0.000000E+00    1.081550E-03    0.000000E+00    0.000000E+00   
 0.000000E+00    0.000000E+00    0.000000E+00    6.917337E-04   
 0.000000E+00    0.000000E+00    0.000000E+00    2.890235E-04   
 0.000000E+00    0.000000E+00    0.000000E+00    3.028904E-04   
 0.000000E+00    0.000000E+00    0.000000E+00    2.870146E-04   
 0.000000E+00    0.000000E+00    0.000000E+00    5.113211E-04   
 0.000000E+00    0.000000E+00    0.000000E+00    0.000000E+00   
 0.000000E+00    0.000000E+00    0.000000E+00    1.031164E-01   
 0.000000E+00    0.000000E+00    0.000000E+00    0.000000E+00   
 0.000000E+00    0.000000E+00    0.000000E+00    0.000000E+00   
 0.000000E+00    0.000000E+00    0.000000E+00    3.063819E-01   
 0.000000E+00    0.000000E+00    0.000000E+00    3.416209E-04   
 0.000000E+00    0.000000E+00    0.000000E+00    0.000000E+00   
 0.000000E+00    0.000000E+00    0.000000E+00    3.885209E-03   
 0.000000E+00    0.000000E+00    0.000000E+00    3.097527E-01   
 0.000000E+00    0.000000E+00    0.000000E+00    7.460920E-04   
 0.000000E+00    0.000000E+00    0.000000E+00    0.000000E+00   
 0.000000E+00    0.000000E+00    0.000000E+00    2.903256E-01   
 0.000000E+00    0.000000E+00    0.000000E+00    2.212775E-01   
 0.000000E+00    0.000000E+00    0.000000E+00    0.000000E+00   
 0.000000E+00    0.000000E+00    0.000000E+00    5.257513E-03   
 0.000000E+00    0.000000E+00    0.000000E+00    2.861579E-01   
 0.000000E+00    0.000000E+00    0.000000E+00    0.000000E+00   
 0.000000E+00    0.000000E+00    0.000000E+00    2.530380E-01   
 0.000000E+00    0.000000E+00    0.000000E+00    0.000000E+00   
 0.000000E+00    0.000000E+00    0.000000E+00    3.190835E-02   
 0.000000E+00    0.000000E+00    0.000000E+00    1.520274E-01   
 0.000000E+00    0.000000E+00    0.000000E+00    0.000000E+00   
 0.000000E+00    0.000000E+00    3.450530E-03    0.000000E+00   
 0.000000E+00    0.000000E+00    4.420793E-02    0.000000E+00   
 0.000000E+00    0.000000E+00    0.000000E+00    0.000000E+00   
 0.000000E+00    0.000000E+00    0.000000E+00    0.000000E+00   
 0.000000E+00    0.000000E+00    0.000000E+00    0.000000E+00   
 0.000000E+00    0.000000E+00    2.546878E-01    0.000000E+00   
 0.000000E+00    0.000000E+00    0.000000E+00    0.000000E+00   
 0.000000E+00    0.000000E+00    0.000000E+00    0.000000E+00   
 0.000000E+00    0.000000E+00    0.000000E+00    0.000000E+00   
 0.000000E+00    0.000000E+00    2.510888E-01    0.000000E+00   
 0.000000E+00    0.000000E+00    0.000000E+00    0.000000E+00   
 0.000000E+00    0.000000E+00    0.000000E+00    0.000000E+00   
 0.000000E+00    0.000000E+00    3.081729E-02    0.000000E+00   
 0.000000E+00    0.000000E+00    0.000000E+00    0.000000E+00   
 0.000000E+00    0.000000E+00    0.000000E+00    0.000000E+00   
 0.000000E+00    0.000000E+00    7.990816E-03    0.000000E+00   
 0.000000E+00    0.000000E+00    2.373806E-01    0.000000E+00   
 0.000000E+00    0.000000E+00    0.000000E+00    0.000000E+00   
 0.000000E+00    0.000000E+00    0.000000E+00    0.000000E+00   
 0.000000E+00    0.000000E+00    1.129384E-02    0.000000E+00   
 0.000000E+00    0.000000E+00    0.000000E+00    0.000000E+00   
 0.000000E+00    0.000000E+00    0.000000E+00    0.000000E+00   
 1.265642E-02    0.000000E+00    0.000000E+00    0.000000E+00   
 2.206633E-01    0.000000E+00    0.000000E+00    0.000000E+00   
 1.019149E-03    0.000000E+00    0.000000E+00    0.000000E+00   
 0.000000E+00    0.000000E+00    0.000000E+00    0.000000E+00   
 1.376599E-03    0.000000E+00    0.000000E+00    0.000000E+00   
 2.126822E-01    0.000000E+00    0.000000E+00    0.000000E+00   
 0.000000E+00    0.000000E+00    0.000000E+00    0.000000E+00   
 0.000000E+00    0.000000E+00    0.000000E+00    0.000000E+00   
 1.634524E-01    0.000000E+00    0.000000E+00    0.000000E+00   
 0.000000E+00    0.000000E+00    0.000000E+00    0.000000E+00   
 0.000000E+00    0.000000E+00    0.000000E+00    0.000000E+00   
 0.000000E+00    0.000000E+00    0.000000E+00    0.000000E+00   
 3.220483E-02    0.000000E+00    0.000000E+00    0.000000E+00   
 1.977403E-01    0.000000E+00    0.000000E+00    0.000000E+00   
 0.000000E+00    0.000000E+00    0.000000E+00    0.000000E+00   
 0.000000E+00    0.000000E+00    0.000000E+00    0.000000E+00   
 0.000000E+00    1.993858E-01    0.000000E+00    0.000000E+00   
 0.000000E+00    0.000000E+00    0.000000E+00    0.000000E+00   
 0.000000E+00    0.000000E+00    0.000000E+00    0.000000E+00   
 0.000000E+00    0.000000E+00    0.000000E+00    0.000000E+00   
 0.000000E+00    1.945398E-01    0.000000E+00    0.000000E+00   
 0.000000E+00    0.000000E+00    0.000000E+00    0.000000E+00   
 0.000000E+00    0.000000E+00    0.000000E+00    0.000000E+00   
 0.000000E+00    4.110688E-04    0.000000E+00    0.000000E+00   
 0.000000E+00    0.000000E+00    0.000000E+00    0.000000E+00   
 0.000000E+00    0.000000E+00    0.000000E+00    0.000000E+00   
 0.000000E+00    3.937349E-03    0.000000E+00    0.000000E+00   
 0.000000E+00    4.999304E-04    0.000000E+00    0.000000E+00   
 0.000000E+00    0.000000E+00    0.000000E+00    0.000000E+00   
 0.000000E+00    0.000000E+00    1.203174E-02    0.000000E+00   
 0.000000E+00    0.000000E+00    1.775046E-01    0.000000E+00   
 0.000000E+00    0.000000E+00    0.000000E+00    0.000000E+00   
 0.000000E+00    0.000000E+00    1.548748E-03    0.000000E+00   
 0.000000E+00    0.000000E+00    1.070188E-01    0.000000E+00   
 0.000000E+00    0.000000E+00    0.000000E+00    0.000000E+00   
 0.000000E+00    0.000000E+00    0.000000E+00    0.000000E+00   
 0.000000E+00    0.000000E+00    0.000000E+00    0.000000E+00   
 0.000000E+00    0.000000E+00    1.701329E-01    0.000000E+00   
 0.000000E+00    0.000000E+00    0.000000E+00    0.000000E+00   
 0.000000E+00    0.000000E+00    0.000000E+00    0.000000E+00   
 0.000000E+00    0.000000E+00    0.000000E+00    0.000000E+00   
 0.000000E+00    0.000000E+00    0.000000E+00    1.639315E-01   
 0.000000E+00    0.000000E+00    0.000000E+00    0.000000E+00   
 0.000000E+00    0.000000E+00    0.000000E+00    0.000000E+00   
 0.000000E+00    0.000000E+00    0.000000E+00    0.000000E+00   
 1.560993E-01    0.000000E+00    0.000000E+00    0.000000E+00   
 0.000000E+00    0.000000E+00    0.000000E+00    0.000000E+00   
 0.000000E+00    0.000000E+00    0.000000E+00    0.000000E+00   
