A.  .plot_1.curve_1.y_data (newton)
B.  .plot_1.curve_2.y_data (newton)
C.  .plot_1.curve_3.y_data (newton)
D.  .plot_1.curve_4.y_data (newton)
E.  .plot_1.curve_5.y_data (newton)

       A               B               C               D               E         
 0.000000E+00    0.000000E+00    0.000000E+00    0.000000E+00    0.000000E+00   
 2.142039E-04    0.000000E+00    0.000000E+00    0.000000E+00    0.000000E+00   
 2.029707E-04    0.000000E+00    0.000000E+00    0.000000E+00    0.000000E+00   
 0.000000E+00    0.000000E+00    0.000000E+00    0.000000E+00    0.000000E+00   
 0.000000E+00    0.000000E+00    0.000000E+00    0.000000E+00    0.000000E+00   
 0.000000E+00    0.000000E+00    0.000000E+00    0.000000E+00    0.000000E+00   
 0.000000E+00    0.000000E+00    0.000000E+00    0.000000E+00    0.000000E+00   
 0.000000E+00    0.000000E+00    0.000000E+00    0.000000E+00    0.000000E+00   
 0.000000E+00    0.000000E+00    0.000000E+00    0.000000E+00    0.000000E+00   
 0.000000E+00    0.000000E+00    0.000000E+00    0.000000E+00    0.000000E+00   
 0.000000E+00    0.000000E+00    0.000000E+00    0.000000E+00    0.000000E+00   
 0.000000E+00    0.000000E+00    0.000000E+00    0.000000E+00    0.000000E+00   
 0.000000E+00    0.000000E+00    0.000000E+00    0.000000E+00    0.000000E+00   
 0.000000E+00    0.000000E+00    0.000000E+00    0.000000E+00    0.000000E+00   
 0.000000E+00    0.000000E+00    0.000000E+00    0.000000E+00    0.000000E+00   
 0.000000E+00    0.000000E+00    0.000000E+00    0.000000E+00    0.000000E+00   
 0.000000E+00    0.000000E+00    0.000000E+00    0.000000E+00    0.000000E+00   
 0.000000E+00    0.000000E+00    0.000000E+00    0.000000E+00    0.000000E+00   
 0.000000E+00    0.000000E+00    0.000000E+00    0.000000E+00    0.000000E+00   
 0.000000E+00    0.000000E+00    0.000000E+00    0.000000E+00    0.000000E+00   
 0.000000E+00    0.000000E+00    0.000000E+00    0.000000E+00    0.000000E+00   
 0.000000E+00    0.000000E+00    0.000000E+00    0.000000E+00    0.000000E+00   
 0.000000E+00    0.000000E+00    0.000000E+00    0.000000E+00    0.000000E+00   
 0.000000E+00    0.000000E+00    0.000000E+00    0.000000E+00    0.000000E+00   
 0.000000E+00    0.000000E+00    0.000000E+00    0.000000E+00    0.000000E+00   
 0.000000E+00    0.000000E+00    0.000000E+00    0.000000E+00    0.000000E+00   
 0.000000E+00    0.000000E+00    0.000000E+00    0.000000E+00    0.000000E+00   
 0.000000E+00    0.000000E+00    0.000000E+00    0.000000E+00    0.000000E+00   
 0.000000E+00    0.000000E+00    0.000000E+00    0.000000E+00    0.000000E+00   
 0.000000E+00    0.000000E+00    0.000000E+00    0.000000E+00    0.000000E+00   
 0.000000E+00    0.000000E+00    0.000000E+00    0.000000E+00    0.000000E+00   
 0.000000E+00    0.000000E+00    0.000000E+00    0.000000E+00    0.000000E+00   
 0.000000E+00    0.000000E+00    0.000000E+00    0.000000E+00    0.000000E+00   
 0.000000E+00    0.000000E+00    0.000000E+00    0.000000E+00    0.000000E+00   
 0.000000E+00    0.000000E+00    0.000000E+00    0.000000E+00    0.000000E+00   
 0.000000E+00    0.000000E+00    0.000000E+00    0.000000E+00    0.000000E+00   
 0.000000E+00    0.000000E+00    0.000000E+00    0.000000E+00    0.000000E+00   
 0.000000E+00    0.000000E+00    0.000000E+00    0.000000E+00    0.000000E+00   
 0.000000E+00    0.000000E+00    0.000000E+00    0.000000E+00    0.000000E+00   
 0.000000E+00    0.000000E+00    0.000000E+00    0.000000E+00    0.000000E+00   
 0.000000E+00    0.000000E+00    0.000000E+00    0.000000E+00    0.000000E+00   
 0.000000E+00    0.000000E+00    0.000000E+00    0.000000E+00    0.000000E+00   
 0.000000E+00    0.000000E+00    0.000000E+00    0.000000E+00    0.000000E+00   
 0.000000E+00    0.000000E+00    0.000000E+00    0.000000E+00    0.000000E+00   
 0.000000E+00    0.000000E+00    0.000000E+00    0.000000E+00    0.000000E+00   
 0.000000E+00    0.000000E+00    0.000000E+00    0.000000E+00    0.000000E+00   
 0.000000E+00    7.416420E-03    0.000000E+00    0.000000E+00    0.000000E+00   
 0.000000E+00    8.086940E-02    0.000000E+00    0.000000E+00    0.000000E+00   
 0.000000E+00    2.318527E-01    0.000000E+00    0.000000E+00    0.000000E+00   
 0.000000E+00    4.027313E-01    0.000000E+00    0.000000E+00    0.000000E+00   
 0.000000E+00    4.351262E-01    0.000000E+00    0.000000E+00    0.000000E+00   
 0.000000E+00    7.209057E-01    0.000000E+00    0.000000E+00    0.000000E+00   
 0.000000E+00    7.244477E-01    0.000000E+00    0.000000E+00    0.000000E+00   
 0.000000E+00    9.321651E-01    0.000000E+00    0.000000E+00    0.000000E+00   
 0.000000E+00    8.469165E-01    0.000000E+00    0.000000E+00    0.000000E+00   
 0.000000E+00    8.464938E-01    0.000000E+00    0.000000E+00    0.000000E+00   
 0.000000E+00    1.137194E+00    0.000000E+00    0.000000E+00    0.000000E+00   
 0.000000E+00    1.037483E+00    0.000000E+00    0.000000E+00    0.000000E+00   
 0.000000E+00    1.235428E+00    0.000000E+00    0.000000E+00    0.000000E+00   
 0.000000E+00    1.215416E+00    0.000000E+00    0.000000E+00    0.000000E+00   
 0.000000E+00    1.505574E+00    0.000000E+00    0.000000E+00    0.000000E+00   
 0.000000E+00    1.430103E+00    0.000000E+00    0.000000E+00    0.000000E+00   
 0.000000E+00    1.662738E+00    0.000000E+00    0.000000E+00    0.000000E+00   
 0.000000E+00    1.548147E+00    0.000000E+00    0.000000E+00    0.000000E+00   
 0.000000E+00    1.710194E+00    0.000000E+00    0.000000E+00    0.000000E+00   
 0.000000E+00    1.702007E+00    0.000000E+00    0.000000E+00    0.000000E+00   
 0.000000E+00    1.961534E+00    0.000000E+00    0.000000E+00    0.000000E+00   
 0.000000E+00    1.872745E+00    0.000000E+00    0.000000E+00    0.000000E+00   
 0.000000E+00    2.096704E+00    0.000000E+00    0.000000E+00    0.000000E+00   
 0.000000E+00    2.184693E+00    0.000000E+00    0.000000E+00    0.000000E+00   
 0.000000E+00    2.096755E+00    0.000000E+00    0.000000E+00    0.000000E+00   
 0.000000E+00    2.330362E+00    0.000000E+00    0.000000E+00    0.000000E+00   
 0.000000E+00    2.209264E+00    0.000000E+00    0.000000E+00    0.000000E+00   
 0.000000E+00    2.430373E+00    0.000000E+00    0.000000E+00    0.000000E+00   
 0.000000E+00    2.525175E+00    0.000000E+00    0.000000E+00    0.000000E+00   
 0.000000E+00    2.512640E+00    0.000000E+00    0.000000E+00    0.000000E+00   
 0.000000E+00    2.607753E+00    0.000000E+00    0.000000E+00    0.000000E+00   
 0.000000E+00    2.587975E+00    0.000000E+00    0.000000E+00    0.000000E+00   
 0.000000E+00    7.738420E-01    0.000000E+00    0.000000E+00    0.000000E+00   
 0.000000E+00    1.884233E-01    0.000000E+00    0.000000E+00    0.000000E+00   
 0.000000E+00    1.628254E-01    0.000000E+00    0.000000E+00    0.000000E+00   
 0.000000E+00    1.628596E-01    0.000000E+00    0.000000E+00    0.000000E+00   
 0.000000E+00    1.863185E-01    0.000000E+00    0.000000E+00    0.000000E+00   
 0.000000E+00    1.607190E-01    0.000000E+00    0.000000E+00    0.000000E+00   
 0.000000E+00    1.828308E-01    0.000000E+00    0.000000E+00    0.000000E+00   
 0.000000E+00    1.765468E-01    0.000000E+00    0.000000E+00    0.000000E+00   
 0.000000E+00    1.784585E-01    0.000000E+00    0.000000E+00    0.000000E+00   
 0.000000E+00    1.559561E-01    0.000000E+00    0.000000E+00    0.000000E+00   
 0.000000E+00    1.675000E-01    0.000000E+00    0.000000E+00    0.000000E+00   
 0.000000E+00    1.526252E-01    0.000000E+00    0.000000E+00    0.000000E+00   
 0.000000E+00    1.689600E-01    0.000000E+00    0.000000E+00    0.000000E+00   
 0.000000E+00    1.482529E-01    0.000000E+00    0.000000E+00    0.000000E+00   
 0.000000E+00    1.467897E-01    0.000000E+00    0.000000E+00    0.000000E+00   
 0.000000E+00    1.567210E-01    0.000000E+00    0.000000E+00    0.000000E+00   
 0.000000E+00    0.000000E+00    0.000000E+00    0.000000E+00    0.000000E+00   
 0.000000E+00    0.000000E+00    0.000000E+00    0.000000E+00    0.000000E+00   
 0.000000E+00    0.000000E+00    0.000000E+00    0.000000E+00    0.000000E+00   
 0.000000E+00    0.000000E+00    0.000000E+00    0.000000E+00    0.000000E+00   
 0.000000E+00    0.000000E+00    0.000000E+00    0.000000E+00    0.000000E+00   
 0.000000E+00    0.000000E+00    0.000000E+00    0.000000E+00    0.000000E+00   
 0.000000E+00    0.000000E+00    0.000000E+00    0.000000E+00    0.000000E+00   
 0.000000E+00    0.000000E+00    0.000000E+00    0.000000E+00    0.000000E+00   
 0.000000E+00    0.000000E+00    0.000000E+00    0.000000E+00    0.000000E+00   
 0.000000E+00    0.000000E+00    0.000000E+00    0.000000E+00    0.000000E+00   
 0.000000E+00    0.000000E+00    0.000000E+00    0.000000E+00    0.000000E+00   
 0.000000E+00    0.000000E+00    0.000000E+00    0.000000E+00    0.000000E+00   
 0.000000E+00    0.000000E+00    0.000000E+00    0.000000E+00    0.000000E+00   
 0.000000E+00    0.000000E+00    0.000000E+00    0.000000E+00    0.000000E+00   
 0.000000E+00    0.000000E+00    0.000000E+00    0.000000E+00    0.000000E+00   
 0.000000E+00    0.000000E+00    0.000000E+00    0.000000E+00    0.000000E+00   
 0.000000E+00    0.000000E+00    0.000000E+00    0.000000E+00    0.000000E+00   
 0.000000E+00    0.000000E+00    0.000000E+00    0.000000E+00    0.000000E+00   
 0.000000E+00    0.000000E+00    0.000000E+00    0.000000E+00    0.000000E+00   
 0.000000E+00    0.000000E+00    0.000000E+00    0.000000E+00    0.000000E+00   
 0.000000E+00    0.000000E+00    0.000000E+00    0.000000E+00    0.000000E+00   
 0.000000E+00    0.000000E+00    0.000000E+00    0.000000E+00    0.000000E+00   
 0.000000E+00    0.000000E+00    0.000000E+00    0.000000E+00    0.000000E+00   
 0.000000E+00    0.000000E+00    0.000000E+00    0.000000E+00    0.000000E+00   
 0.000000E+00    0.000000E+00    0.000000E+00    0.000000E+00    0.000000E+00   
 0.000000E+00    0.000000E+00    0.000000E+00    0.000000E+00    0.000000E+00   
 0.000000E+00    0.000000E+00    0.000000E+00    0.000000E+00    0.000000E+00   
 0.000000E+00    0.000000E+00    0.000000E+00    0.000000E+00    0.000000E+00   
 0.000000E+00    0.000000E+00    0.000000E+00    0.000000E+00    0.000000E+00   
 0.000000E+00    0.000000E+00    0.000000E+00    0.000000E+00    0.000000E+00   
 0.000000E+00    0.000000E+00    0.000000E+00    0.000000E+00    0.000000E+00   
 0.000000E+00    0.000000E+00    0.000000E+00    0.000000E+00    0.000000E+00   
 0.000000E+00    0.000000E+00    0.000000E+00    0.000000E+00    0.000000E+00   
 0.000000E+00    0.000000E+00    0.000000E+00    0.000000E+00    0.000000E+00   
 0.000000E+00    0.000000E+00    0.000000E+00    0.000000E+00    0.000000E+00   
 0.000000E+00    0.000000E+00    0.000000E+00    0.000000E+00    0.000000E+00   
 0.000000E+00    0.000000E+00    0.000000E+00    0.000000E+00    0.000000E+00   
 0.000000E+00    0.000000E+00    0.000000E+00    0.000000E+00    0.000000E+00   
 0.000000E+00    0.000000E+00    0.000000E+00    0.000000E+00    0.000000E+00   
 0.000000E+00    0.000000E+00    0.000000E+00    0.000000E+00    0.000000E+00   
 0.000000E+00    0.000000E+00    0.000000E+00    0.000000E+00    0.000000E+00   
 0.000000E+00    0.000000E+00    0.000000E+00    0.000000E+00    0.000000E+00   
 0.000000E+00    0.000000E+00    0.000000E+00    0.000000E+00    0.000000E+00   
 0.000000E+00    0.000000E+00    0.000000E+00    0.000000E+00    0.000000E+00   
 0.000000E+00    0.000000E+00    0.000000E+00    0.000000E+00    0.000000E+00   
 0.000000E+00    0.000000E+00    0.000000E+00    0.000000E+00    0.000000E+00   
 0.000000E+00    0.000000E+00    0.000000E+00    0.000000E+00    0.000000E+00   
 0.000000E+00    0.000000E+00    0.000000E+00    0.000000E+00    0.000000E+00   
 0.000000E+00    0.000000E+00    0.000000E+00    0.000000E+00    0.000000E+00   
 0.000000E+00    0.000000E+00    0.000000E+00    0.000000E+00    0.000000E+00   
 0.000000E+00    0.000000E+00    0.000000E+00    0.000000E+00    0.000000E+00   
 0.000000E+00    0.000000E+00    0.000000E+00    0.000000E+00    0.000000E+00   
 0.000000E+00    0.000000E+00    0.000000E+00    0.000000E+00    0.000000E+00   
 0.000000E+00    0.000000E+00    0.000000E+00    0.000000E+00    0.000000E+00   
 0.000000E+00    0.000000E+00    0.000000E+00    0.000000E+00    0.000000E+00   
 0.000000E+00    0.000000E+00    0.000000E+00    0.000000E+00    0.000000E+00   
 0.000000E+00    0.000000E+00    0.000000E+00    0.000000E+00    0.000000E+00   
 0.000000E+00    0.000000E+00    0.000000E+00    0.000000E+00    0.000000E+00   
 0.000000E+00    0.000000E+00    0.000000E+00    0.000000E+00    0.000000E+00   
 0.000000E+00    0.000000E+00    0.000000E+00    0.000000E+00    0.000000E+00   
 0.000000E+00    0.000000E+00    3.578226E-01    0.000000E+00    0.000000E+00   
 0.000000E+00    0.000000E+00    3.902649E+00    0.000000E+00    0.000000E+00   
 0.000000E+00    0.000000E+00    3.946698E+00    0.000000E+00    0.000000E+00   
 0.000000E+00    0.000000E+00    3.539414E+00    0.000000E+00    0.000000E+00   
 0.000000E+00    0.000000E+00    3.287894E+00    0.000000E+00    0.000000E+00   
 0.000000E+00    0.000000E+00    4.292716E+00    0.000000E+00    0.000000E+00   
 0.000000E+00    0.000000E+00    3.266496E+00    0.000000E+00    0.000000E+00   
 0.000000E+00    0.000000E+00    2.925518E+00    0.000000E+00    0.000000E+00   
 0.000000E+00    0.000000E+00    3.949175E+00    0.000000E+00    0.000000E+00   
 0.000000E+00    0.000000E+00    1.692275E-01    0.000000E+00    0.000000E+00   
 0.000000E+00    0.000000E+00    1.696430E-01    0.000000E+00    0.000000E+00   
 0.000000E+00    0.000000E+00    1.714737E-01    0.000000E+00    0.000000E+00   
 0.000000E+00    0.000000E+00    1.855828E-01    0.000000E+00    0.000000E+00   
 0.000000E+00    0.000000E+00    1.854500E-01    0.000000E+00    0.000000E+00   
 0.000000E+00    0.000000E+00    1.828645E-01    0.000000E+00    0.000000E+00   
 0.000000E+00    0.000000E+00    1.757944E-01    0.000000E+00    0.000000E+00   
 0.000000E+00    0.000000E+00    1.790688E-01    0.000000E+00    0.000000E+00   
 0.000000E+00    0.000000E+00    1.838813E-01    0.000000E+00    0.000000E+00   
 0.000000E+00    0.000000E+00    1.795802E-01    0.000000E+00    0.000000E+00   
 0.000000E+00    0.000000E+00    1.727218E-01    0.000000E+00    0.000000E+00   
 0.000000E+00    0.000000E+00    1.782236E-01    0.000000E+00    0.000000E+00   
 0.000000E+00    0.000000E+00    1.708521E-01    0.000000E+00    0.000000E+00   
 0.000000E+00    0.000000E+00    1.748600E-01    0.000000E+00    0.000000E+00   
 0.000000E+00    0.000000E+00    1.684874E-01    0.000000E+00    0.000000E+00   
 0.000000E+00    0.000000E+00    1.669014E-01    0.000000E+00    0.000000E+00   
 0.000000E+00    0.000000E+00    1.611907E-01    0.000000E+00    0.000000E+00   
 0.000000E+00    0.000000E+00    1.712994E-01    0.000000E+00    0.000000E+00   
 0.000000E+00    0.000000E+00    1.600949E-01    0.000000E+00    0.000000E+00   
 0.000000E+00    1.517541E-01    0.000000E+00    0.000000E+00    0.000000E+00   
 0.000000E+00    1.480581E-01    0.000000E+00    0.000000E+00    0.000000E+00   
 0.000000E+00    1.538373E-01    0.000000E+00    0.000000E+00    0.000000E+00   
 0.000000E+00    1.405688E-01    0.000000E+00    0.000000E+00    0.000000E+00   
 0.000000E+00    1.517743E-01    0.000000E+00    0.000000E+00    0.000000E+00   
 0.000000E+00    1.498903E-01    0.000000E+00    0.000000E+00    0.000000E+00   
 0.000000E+00    1.448030E-01    0.000000E+00    0.000000E+00    0.000000E+00   
 0.000000E+00    1.363819E-01    0.000000E+00    0.000000E+00    0.000000E+00   
 0.000000E+00    6.628441E-02    0.000000E+00    0.000000E+00    0.000000E+00   
 2.273604E-01    0.000000E+00    0.000000E+00    0.000000E+00    0.000000E+00   
 1.003155E-01    0.000000E+00    0.000000E+00    0.000000E+00    0.000000E+00   
 0.000000E+00    0.000000E+00    0.000000E+00    0.000000E+00    0.000000E+00   
 0.000000E+00    0.000000E+00    0.000000E+00    0.000000E+00    0.000000E+00   
 0.000000E+00    0.000000E+00    0.000000E+00    0.000000E+00    0.000000E+00   
 0.000000E+00    0.000000E+00    0.000000E+00    0.000000E+00    0.000000E+00   
 0.000000E+00    0.000000E+00    0.000000E+00    0.000000E+00    0.000000E+00   
 0.000000E+00    0.000000E+00    0.000000E+00    0.000000E+00    0.000000E+00   
 0.000000E+00    0.000000E+00    0.000000E+00    0.000000E+00    0.000000E+00   
 0.000000E+00    0.000000E+00    0.000000E+00    0.000000E+00    0.000000E+00   
 0.000000E+00    0.000000E+00    0.000000E+00    0.000000E+00    0.000000E+00   
 0.000000E+00    0.000000E+00    0.000000E+00    0.000000E+00    0.000000E+00   
 0.000000E+00    0.000000E+00    0.000000E+00    0.000000E+00    0.000000E+00   
 0.000000E+00    0.000000E+00    0.000000E+00    0.000000E+00    0.000000E+00   
 0.000000E+00    0.000000E+00    0.000000E+00    0.000000E+00    0.000000E+00   
 0.000000E+00    0.000000E+00    0.000000E+00    0.000000E+00    0.000000E+00   
 0.000000E+00    0.000000E+00    0.000000E+00    0.000000E+00    0.000000E+00   
 0.000000E+00    0.000000E+00    0.000000E+00    0.000000E+00    0.000000E+00   
 0.000000E+00    0.000000E+00    0.000000E+00    0.000000E+00    0.000000E+00   
 0.000000E+00    0.000000E+00    0.000000E+00    0.000000E+00    0.000000E+00   
 0.000000E+00    0.000000E+00    0.000000E+00    0.000000E+00    0.000000E+00   
 0.000000E+00    0.000000E+00    0.000000E+00    0.000000E+00    0.000000E+00   
 0.000000E+00    0.000000E+00    0.000000E+00    0.000000E+00    0.000000E+00   
 0.000000E+00    0.000000E+00    0.000000E+00    0.000000E+00    0.000000E+00   
 0.000000E+00    0.000000E+00    0.000000E+00    0.000000E+00    0.000000E+00   
 0.000000E+00    0.000000E+00    0.000000E+00    0.000000E+00    0.000000E+00   
 0.000000E+00    0.000000E+00    0.000000E+00    0.000000E+00    0.000000E+00   
 0.000000E+00    0.000000E+00    0.000000E+00    0.000000E+00    0.000000E+00   
 0.000000E+00    0.000000E+00    0.000000E+00    0.000000E+00    0.000000E+00   
 0.000000E+00    0.000000E+00    0.000000E+00    0.000000E+00    0.000000E+00   
 0.000000E+00    0.000000E+00    0.000000E+00    0.000000E+00    0.000000E+00   
 0.000000E+00    0.000000E+00    0.000000E+00    0.000000E+00    0.000000E+00   
 0.000000E+00    0.000000E+00    0.000000E+00    0.000000E+00    0.000000E+00   
 0.000000E+00    0.000000E+00    0.000000E+00    0.000000E+00    0.000000E+00   
 0.000000E+00    0.000000E+00    0.000000E+00    0.000000E+00    0.000000E+00   
 0.000000E+00    0.000000E+00    0.000000E+00    0.000000E+00    0.000000E+00   
 0.000000E+00    0.000000E+00    0.000000E+00    0.000000E+00    0.000000E+00   
 0.000000E+00    0.000000E+00    0.000000E+00    0.000000E+00    0.000000E+00   
 0.000000E+00    0.000000E+00    0.000000E+00    0.000000E+00    0.000000E+00   
 0.000000E+00    0.000000E+00    0.000000E+00    0.000000E+00    0.000000E+00   
 0.000000E+00    0.000000E+00    0.000000E+00    0.000000E+00    0.000000E+00   
 0.000000E+00    0.000000E+00    0.000000E+00    0.000000E+00    0.000000E+00   
 0.000000E+00    0.000000E+00    0.000000E+00    0.000000E+00    0.000000E+00   
 0.000000E+00    0.000000E+00    0.000000E+00    0.000000E+00    0.000000E+00   
 0.000000E+00    0.000000E+00    0.000000E+00    0.000000E+00    0.000000E+00   
 0.000000E+00    0.000000E+00    0.000000E+00    0.000000E+00    0.000000E+00   
 0.000000E+00    0.000000E+00    0.000000E+00    0.000000E+00    0.000000E+00   
 0.000000E+00    0.000000E+00    0.000000E+00    0.000000E+00    0.000000E+00   
 0.000000E+00    0.000000E+00    0.000000E+00    0.000000E+00    0.000000E+00   
 0.000000E+00    0.000000E+00    0.000000E+00    0.000000E+00    0.000000E+00   
 0.000000E+00    0.000000E+00    0.000000E+00    0.000000E+00    0.000000E+00   
 0.000000E+00    0.000000E+00    0.000000E+00    0.000000E+00    0.000000E+00   
 0.000000E+00    0.000000E+00    0.000000E+00    0.000000E+00    0.000000E+00   
 0.000000E+00    0.000000E+00    0.000000E+00    0.000000E+00    0.000000E+00   
 0.000000E+00    0.000000E+00    0.000000E+00    0.000000E+00    0.000000E+00   
 0.000000E+00    0.000000E+00    0.000000E+00    0.000000E+00    0.000000E+00   
 0.000000E+00    0.000000E+00    0.000000E+00    0.000000E+00    0.000000E+00   
 0.000000E+00    0.000000E+00    0.000000E+00    0.000000E+00    0.000000E+00   
 0.000000E+00    0.000000E+00    0.000000E+00    0.000000E+00    0.000000E+00   
 0.000000E+00    0.000000E+00    0.000000E+00    0.000000E+00    0.000000E+00   
 0.000000E+00    0.000000E+00    0.000000E+00    0.000000E+00    0.000000E+00   
 0.000000E+00    0.000000E+00    0.000000E+00    0.000000E+00    0.000000E+00   
 0.000000E+00    0.000000E+00    0.000000E+00    0.000000E+00    0.000000E+00   
 0.000000E+00    0.000000E+00    0.000000E+00    0.000000E+00    0.000000E+00   
 0.000000E+00    0.000000E+00    0.000000E+00    0.000000E+00    0.000000E+00   
 0.000000E+00    0.000000E+00    0.000000E+00    0.000000E+00    0.000000E+00   
 0.000000E+00    0.000000E+00    0.000000E+00    0.000000E+00    0.000000E+00   
 0.000000E+00    0.000000E+00    0.000000E+00    0.000000E+00    0.000000E+00   
 0.000000E+00    0.000000E+00    0.000000E+00    0.000000E+00    0.000000E+00   
 0.000000E+00    0.000000E+00    0.000000E+00    0.000000E+00    0.000000E+00   
 0.000000E+00    0.000000E+00    0.000000E+00    0.000000E+00    0.000000E+00   
 0.000000E+00    0.000000E+00    0.000000E+00    0.000000E+00    0.000000E+00   
 0.000000E+00    0.000000E+00    0.000000E+00    0.000000E+00    0.000000E+00   
 0.000000E+00    0.000000E+00    0.000000E+00    0.000000E+00    0.000000E+00   
 0.000000E+00    0.000000E+00    0.000000E+00    0.000000E+00    0.000000E+00   
 0.000000E+00    0.000000E+00    0.000000E+00    0.000000E+00    0.000000E+00   
 0.000000E+00    0.000000E+00    0.000000E+00    0.000000E+00    0.000000E+00   
 0.000000E+00    0.000000E+00    0.000000E+00    0.000000E+00    0.000000E+00   
 0.000000E+00    0.000000E+00    0.000000E+00    0.000000E+00    0.000000E+00   
 0.000000E+00    0.000000E+00    0.000000E+00    0.000000E+00    0.000000E+00   
 0.000000E+00    0.000000E+00    0.000000E+00    0.000000E+00    0.000000E+00   
 0.000000E+00    0.000000E+00    0.000000E+00    0.000000E+00    0.000000E+00   
 0.000000E+00    0.000000E+00    0.000000E+00    0.000000E+00    0.000000E+00   
 0.000000E+00    0.000000E+00    0.000000E+00    0.000000E+00    0.000000E+00   
 0.000000E+00    0.000000E+00    0.000000E+00    0.000000E+00    0.000000E+00   
 0.000000E+00    0.000000E+00    0.000000E+00    0.000000E+00    0.000000E+00   
 0.000000E+00    0.000000E+00    0.000000E+00    0.000000E+00    0.000000E+00   
 0.000000E+00    0.000000E+00    0.000000E+00    0.000000E+00    0.000000E+00   
 0.000000E+00    0.000000E+00    0.000000E+00    0.000000E+00    0.000000E+00   
 0.000000E+00    0.000000E+00    0.000000E+00    0.000000E+00    0.000000E+00   
 0.000000E+00    0.000000E+00    0.000000E+00    0.000000E+00    0.000000E+00   
 0.000000E+00    0.000000E+00    0.000000E+00    0.000000E+00    0.000000E+00   
 0.000000E+00    0.000000E+00    0.000000E+00    0.000000E+00    0.000000E+00   
 0.000000E+00    0.000000E+00    0.000000E+00    0.000000E+00    0.000000E+00   
 0.000000E+00    0.000000E+00    0.000000E+00    0.000000E+00    0.000000E+00   
 0.000000E+00    0.000000E+00    0.000000E+00    0.000000E+00    0.000000E+00   
 0.000000E+00    0.000000E+00    0.000000E+00    0.000000E+00    0.000000E+00   
 0.000000E+00    0.000000E+00    0.000000E+00    0.000000E+00    0.000000E+00   
 0.000000E+00    0.000000E+00    0.000000E+00    0.000000E+00    0.000000E+00   
 0.000000E+00    0.000000E+00    0.000000E+00    0.000000E+00    0.000000E+00   
 0.000000E+00    0.000000E+00    0.000000E+00    0.000000E+00    0.000000E+00   
 0.000000E+00    0.000000E+00    0.000000E+00    0.000000E+00    0.000000E+00   
 0.000000E+00    0.000000E+00    0.000000E+00    0.000000E+00    0.000000E+00   
 0.000000E+00    0.000000E+00    0.000000E+00    0.000000E+00    0.000000E+00   
 0.000000E+00    0.000000E+00    0.000000E+00    0.000000E+00    0.000000E+00   
 0.000000E+00    0.000000E+00    0.000000E+00    0.000000E+00    0.000000E+00   
 0.000000E+00    0.000000E+00    0.000000E+00    0.000000E+00    0.000000E+00   
 0.000000E+00    0.000000E+00    0.000000E+00    0.000000E+00    0.000000E+00   
 0.000000E+00    0.000000E+00    0.000000E+00    0.000000E+00    0.000000E+00   
 0.000000E+00    0.000000E+00    0.000000E+00    0.000000E+00    0.000000E+00   
 0.000000E+00    0.000000E+00    0.000000E+00    0.000000E+00    0.000000E+00   
 0.000000E+00    0.000000E+00    0.000000E+00    0.000000E+00    0.000000E+00   
 0.000000E+00    0.000000E+00    0.000000E+00    0.000000E+00    0.000000E+00   
 0.000000E+00    0.000000E+00    1.455014E-02    0.000000E+00    0.000000E+00   
 0.000000E+00    0.000000E+00    1.955950E-01    0.000000E+00    0.000000E+00   
 0.000000E+00    0.000000E+00    0.000000E+00    0.000000E+00    0.000000E+00   
 0.000000E+00    0.000000E+00    5.321432E-03    0.000000E+00    0.000000E+00   
 0.000000E+00    0.000000E+00    8.001143E-02    0.000000E+00    0.000000E+00   
 0.000000E+00    0.000000E+00    0.000000E+00    0.000000E+00    0.000000E+00   
 0.000000E+00    0.000000E+00    0.000000E+00    0.000000E+00    0.000000E+00   
 0.000000E+00    0.000000E+00    1.624972E-01    0.000000E+00    0.000000E+00   
 0.000000E+00    0.000000E+00    0.000000E+00    0.000000E+00    0.000000E+00   
 0.000000E+00    0.000000E+00    0.000000E+00    0.000000E+00    0.000000E+00   
 0.000000E+00    0.000000E+00    1.577779E-01    0.000000E+00    0.000000E+00   
 0.000000E+00    0.000000E+00    0.000000E+00    0.000000E+00    0.000000E+00   
 0.000000E+00    0.000000E+00    0.000000E+00    0.000000E+00    0.000000E+00   
 0.000000E+00    0.000000E+00    8.138759E-03    0.000000E+00    0.000000E+00   
 0.000000E+00    0.000000E+00    1.643459E-01    0.000000E+00    0.000000E+00   
 0.000000E+00    0.000000E+00    0.000000E+00    0.000000E+00    0.000000E+00   
 0.000000E+00    0.000000E+00    0.000000E+00    0.000000E+00    0.000000E+00   
 0.000000E+00    0.000000E+00    8.464897E-03    0.000000E+00    0.000000E+00   
 0.000000E+00    0.000000E+00    1.614972E-01    0.000000E+00    0.000000E+00   
 0.000000E+00    0.000000E+00    1.414951E-02    0.000000E+00    0.000000E+00   
 0.000000E+00    0.000000E+00    0.000000E+00    0.000000E+00    0.000000E+00   
 0.000000E+00    0.000000E+00    8.368368E-03    0.000000E+00    0.000000E+00   
 0.000000E+00    0.000000E+00    1.478222E-01    0.000000E+00    0.000000E+00   
 0.000000E+00    0.000000E+00    1.234839E-01    0.000000E+00    0.000000E+00   
 0.000000E+00    0.000000E+00    0.000000E+00    0.000000E+00    0.000000E+00   
 0.000000E+00    5.082727E-03    0.000000E+00    0.000000E+00    0.000000E+00   
 0.000000E+00    1.160041E-01    0.000000E+00    0.000000E+00    0.000000E+00   
 0.000000E+00    3.265357E-03    0.000000E+00    0.000000E+00    0.000000E+00   
 0.000000E+00    0.000000E+00    0.000000E+00    0.000000E+00    0.000000E+00   
 0.000000E+00    7.888959E-03    0.000000E+00    0.000000E+00    0.000000E+00   
 0.000000E+00    1.334467E-01    0.000000E+00    0.000000E+00    0.000000E+00   
 0.000000E+00    0.000000E+00    0.000000E+00    0.000000E+00    0.000000E+00   
 0.000000E+00    0.000000E+00    0.000000E+00    0.000000E+00    0.000000E+00   
 0.000000E+00    1.282376E-01    0.000000E+00    0.000000E+00    0.000000E+00   
 0.000000E+00    0.000000E+00    0.000000E+00    0.000000E+00    0.000000E+00   
 0.000000E+00    0.000000E+00    0.000000E+00    0.000000E+00    0.000000E+00   
 0.000000E+00    1.987752E-03    0.000000E+00    0.000000E+00    0.000000E+00   
 0.000000E+00    1.242623E-01    0.000000E+00    0.000000E+00    0.000000E+00   
 0.000000E+00    4.148914E-04    0.000000E+00    0.000000E+00    0.000000E+00   
 0.000000E+00    0.000000E+00    0.000000E+00    0.000000E+00    0.000000E+00   
 0.000000E+00    9.881434E-03    0.000000E+00    0.000000E+00    0.000000E+00   
 0.000000E+00    1.162684E-01    0.000000E+00    0.000000E+00    0.000000E+00   
 0.000000E+00    7.644490E-02    0.000000E+00    0.000000E+00    0.000000E+00   
 0.000000E+00    0.000000E+00    0.000000E+00    0.000000E+00    0.000000E+00   
 0.000000E+00    1.076851E-02    0.000000E+00    0.000000E+00    0.000000E+00   
 0.000000E+00    9.216714E-02    0.000000E+00    0.000000E+00    0.000000E+00   
 0.000000E+00    0.000000E+00    0.000000E+00    0.000000E+00    0.000000E+00   
 0.000000E+00    0.000000E+00    0.000000E+00    0.000000E+00    0.000000E+00   
 0.000000E+00    0.000000E+00    0.000000E+00    0.000000E+00    0.000000E+00   
 0.000000E+00    9.788128E-02    0.000000E+00    0.000000E+00    0.000000E+00   
 0.000000E+00    0.000000E+00    0.000000E+00    0.000000E+00    0.000000E+00   
 0.000000E+00    0.000000E+00    0.000000E+00    0.000000E+00    0.000000E+00   
 0.000000E+00    4.017526E-04    0.000000E+00    0.000000E+00    0.000000E+00   
 0.000000E+00    9.614219E-02    0.000000E+00    0.000000E+00    0.000000E+00   
 0.000000E+00    0.000000E+00    0.000000E+00    0.000000E+00    0.000000E+00   
 0.000000E+00    0.000000E+00    0.000000E+00    0.000000E+00    0.000000E+00   
 3.894382E-04    0.000000E+00    0.000000E+00    0.000000E+00    0.000000E+00   
 9.812091E-02    0.000000E+00    0.000000E+00    0.000000E+00    0.000000E+00   
 3.209753E-02    0.000000E+00    0.000000E+00    0.000000E+00    0.000000E+00   
 0.000000E+00    0.000000E+00    0.000000E+00    0.000000E+00    0.000000E+00   
 6.076287E-03    0.000000E+00    0.000000E+00    0.000000E+00    0.000000E+00   
 9.303029E-02    0.000000E+00    0.000000E+00    0.000000E+00    0.000000E+00   
 0.000000E+00    0.000000E+00    0.000000E+00    0.000000E+00    0.000000E+00   
 2.750710E-03    0.000000E+00    0.000000E+00    0.000000E+00    0.000000E+00   
 8.786853E-02    0.000000E+00    0.000000E+00    0.000000E+00    0.000000E+00   
 0.000000E+00    0.000000E+00    0.000000E+00    0.000000E+00    0.000000E+00   
 0.000000E+00    0.000000E+00    0.000000E+00    0.000000E+00    0.000000E+00   
 2.158500E-02    0.000000E+00    0.000000E+00    0.000000E+00    0.000000E+00   
 0.000000E+00    0.000000E+00    0.000000E+00    0.000000E+00    0.000000E+00   
 0.000000E+00    0.000000E+00    0.000000E+00    0.000000E+00    0.000000E+00   
 9.025147E-03    0.000000E+00    0.000000E+00    0.000000E+00    0.000000E+00   
 7.424301E-02    0.000000E+00    0.000000E+00    0.000000E+00    0.000000E+00   
 4.703727E-02    0.000000E+00    0.000000E+00    0.000000E+00    0.000000E+00   
 0.000000E+00    0.000000E+00    0.000000E+00    0.000000E+00    0.000000E+00   
 1.471647E-02    0.000000E+00    0.000000E+00    0.000000E+00    0.000000E+00   
 3.837454E-02    0.000000E+00    0.000000E+00    0.000000E+00    0.000000E+00   
 0.000000E+00    0.000000E+00    0.000000E+00    0.000000E+00    0.000000E+00   
 0.000000E+00    0.000000E+00    0.000000E+00    0.000000E+00    0.000000E+00   
 5.053327E-02    0.000000E+00    0.000000E+00    0.000000E+00    0.000000E+00   
 0.000000E+00    0.000000E+00    0.000000E+00    0.000000E+00    0.000000E+00   
 0.000000E+00    0.000000E+00    0.000000E+00    0.000000E+00    0.000000E+00   
 0.000000E+00    3.893205E-04    0.000000E+00    0.000000E+00    0.000000E+00   
 0.000000E+00    4.182204E-02    0.000000E+00    0.000000E+00    0.000000E+00   
 0.000000E+00    3.158162E-02    0.000000E+00    0.000000E+00    0.000000E+00   
 0.000000E+00    0.000000E+00    4.911275E-03    0.000000E+00    0.000000E+00   
 0.000000E+00    0.000000E+00    0.000000E+00    0.000000E+00    0.000000E+00   
 0.000000E+00    0.000000E+00    0.000000E+00    0.000000E+00    0.000000E+00   
 0.000000E+00    0.000000E+00    1.394775E-09    0.000000E+00    0.000000E+00   
 0.000000E+00    0.000000E+00    1.001143E-02    0.000000E+00    0.000000E+00   
 0.000000E+00    0.000000E+00    0.000000E+00    0.000000E+00    0.000000E+00   
 0.000000E+00    0.000000E+00    4.843057E-03    0.000000E+00    0.000000E+00   
 0.000000E+00    0.000000E+00    0.000000E+00    0.000000E+00    0.000000E+00   
 0.000000E+00    0.000000E+00    0.000000E+00    0.000000E+00    0.000000E+00   
 0.000000E+00    0.000000E+00    0.000000E+00    0.000000E+00    0.000000E+00   
 0.000000E+00    0.000000E+00    0.000000E+00    0.000000E+00    0.000000E+00   
 0.000000E+00    0.000000E+00    0.000000E+00    0.000000E+00    0.000000E+00   
 0.000000E+00    0.000000E+00    0.000000E+00    0.000000E+00    0.000000E+00   
 0.000000E+00    0.000000E+00    0.000000E+00    0.000000E+00    0.000000E+00   
 0.000000E+00    0.000000E+00    0.000000E+00    0.000000E+00    0.000000E+00   
 0.000000E+00    0.000000E+00    0.000000E+00    0.000000E+00    0.000000E+00   
 0.000000E+00    0.000000E+00    0.000000E+00    0.000000E+00    0.000000E+00   
 0.000000E+00    0.000000E+00    0.000000E+00    0.000000E+00    0.000000E+00   
 0.000000E+00    0.000000E+00    0.000000E+00    0.000000E+00    0.000000E+00   
 0.000000E+00    0.000000E+00    0.000000E+00    0.000000E+00    0.000000E+00   
 0.000000E+00    0.000000E+00    0.000000E+00    0.000000E+00    0.000000E+00   
 0.000000E+00    0.000000E+00    0.000000E+00    0.000000E+00    0.000000E+00   
 0.000000E+00    0.000000E+00    0.000000E+00    0.000000E+00    0.000000E+00   
 0.000000E+00    0.000000E+00    0.000000E+00    0.000000E+00    0.000000E+00   
 0.000000E+00    0.000000E+00    0.000000E+00    0.000000E+00    0.000000E+00   
 0.000000E+00    0.000000E+00    0.000000E+00    0.000000E+00    0.000000E+00   
 0.000000E+00    0.000000E+00    0.000000E+00    0.000000E+00    0.000000E+00   
 0.000000E+00    0.000000E+00    0.000000E+00    0.000000E+00    0.000000E+00   
 0.000000E+00    0.000000E+00    0.000000E+00    0.000000E+00    0.000000E+00   
 0.000000E+00    0.000000E+00    0.000000E+00    0.000000E+00    0.000000E+00   
 0.000000E+00    0.000000E+00    0.000000E+00    0.000000E+00    0.000000E+00   
 0.000000E+00    0.000000E+00    0.000000E+00    0.000000E+00    0.000000E+00   
 0.000000E+00    0.000000E+00    0.000000E+00    0.000000E+00    0.000000E+00   
 0.000000E+00    0.000000E+00    0.000000E+00    0.000000E+00    0.000000E+00   
 0.000000E+00    0.000000E+00    0.000000E+00    0.000000E+00    0.000000E+00   
 0.000000E+00    0.000000E+00    0.000000E+00    0.000000E+00    0.000000E+00   
 0.000000E+00    0.000000E+00    0.000000E+00    0.000000E+00    0.000000E+00   
 0.000000E+00    0.000000E+00    0.000000E+00    0.000000E+00    0.000000E+00   
 0.000000E+00    0.000000E+00    0.000000E+00    0.000000E+00    0.000000E+00   
 0.000000E+00    0.000000E+00    0.000000E+00    0.000000E+00    0.000000E+00   
 0.000000E+00    0.000000E+00    0.000000E+00    0.000000E+00    0.000000E+00   
 0.000000E+00    0.000000E+00    0.000000E+00    0.000000E+00    0.000000E+00   
 0.000000E+00    0.000000E+00    0.000000E+00    0.000000E+00    0.000000E+00   
 0.000000E+00    0.000000E+00    0.000000E+00    0.000000E+00    0.000000E+00   
 0.000000E+00    0.000000E+00    0.000000E+00    0.000000E+00    0.000000E+00   
 0.000000E+00    0.000000E+00    0.000000E+00    0.000000E+00    0.000000E+00   
 0.000000E+00    0.000000E+00    0.000000E+00    0.000000E+00    0.000000E+00   
 0.000000E+00    0.000000E+00    0.000000E+00    0.000000E+00    0.000000E+00   
 0.000000E+00    0.000000E+00    0.000000E+00    0.000000E+00    0.000000E+00   
 0.000000E+00    0.000000E+00    0.000000E+00    0.000000E+00    0.000000E+00   
 0.000000E+00    0.000000E+00    0.000000E+00    0.000000E+00    0.000000E+00   
 0.000000E+00    0.000000E+00    0.000000E+00    0.000000E+00    0.000000E+00   
 0.000000E+00    0.000000E+00    0.000000E+00    0.000000E+00    0.000000E+00   
 0.000000E+00    0.000000E+00    0.000000E+00    0.000000E+00    0.000000E+00   
 0.000000E+00    0.000000E+00    0.000000E+00    0.000000E+00    0.000000E+00   
 0.000000E+00    0.000000E+00    0.000000E+00    0.000000E+00    0.000000E+00   
 0.000000E+00    0.000000E+00    0.000000E+00    0.000000E+00    0.000000E+00   
 0.000000E+00    0.000000E+00    0.000000E+00    0.000000E+00    0.000000E+00   
 0.000000E+00    0.000000E+00    0.000000E+00    0.000000E+00    0.000000E+00   
 0.000000E+00    0.000000E+00    0.000000E+00    0.000000E+00    0.000000E+00   
 0.000000E+00    0.000000E+00    0.000000E+00    0.000000E+00    0.000000E+00   
 0.000000E+00    0.000000E+00    0.000000E+00    0.000000E+00    0.000000E+00   
 0.000000E+00    0.000000E+00    0.000000E+00    0.000000E+00    0.000000E+00   
 0.000000E+00    0.000000E+00    0.000000E+00    0.000000E+00    0.000000E+00   
 0.000000E+00    0.000000E+00    0.000000E+00    0.000000E+00    0.000000E+00   
 0.000000E+00    0.000000E+00    0.000000E+00    0.000000E+00    0.000000E+00   
 0.000000E+00    0.000000E+00    0.000000E+00    0.000000E+00    0.000000E+00   
 0.000000E+00    0.000000E+00    0.000000E+00    0.000000E+00    0.000000E+00   
 0.000000E+00    0.000000E+00    0.000000E+00    0.000000E+00    0.000000E+00   
 0.000000E+00    0.000000E+00    0.000000E+00    0.000000E+00    0.000000E+00   
 0.000000E+00    0.000000E+00    0.000000E+00    0.000000E+00    0.000000E+00   
 0.000000E+00    0.000000E+00    0.000000E+00    0.000000E+00    0.000000E+00   
 0.000000E+00    0.000000E+00    0.000000E+00    0.000000E+00    0.000000E+00   
 0.000000E+00    0.000000E+00    0.000000E+00    0.000000E+00    0.000000E+00   
 0.000000E+00    0.000000E+00    0.000000E+00    0.000000E+00    0.000000E+00   
 0.000000E+00    0.000000E+00    0.000000E+00    0.000000E+00    0.000000E+00   
 0.000000E+00    0.000000E+00    0.000000E+00    0.000000E+00    0.000000E+00   
 0.000000E+00    0.000000E+00    0.000000E+00    0.000000E+00    0.000000E+00   
 0.000000E+00    0.000000E+00    0.000000E+00    0.000000E+00    0.000000E+00   
 0.000000E+00    0.000000E+00    0.000000E+00    0.000000E+00    0.000000E+00   
 0.000000E+00    0.000000E+00    0.000000E+00    0.000000E+00    0.000000E+00   
 0.000000E+00    0.000000E+00    0.000000E+00    0.000000E+00    0.000000E+00   
 0.000000E+00    0.000000E+00    0.000000E+00    0.000000E+00    0.000000E+00   
 0.000000E+00    0.000000E+00    0.000000E+00    0.000000E+00    0.000000E+00   
 0.000000E+00    0.000000E+00    0.000000E+00    0.000000E+00    0.000000E+00   
 0.000000E+00    0.000000E+00    0.000000E+00    0.000000E+00    0.000000E+00   
 0.000000E+00    0.000000E+00    0.000000E+00    0.000000E+00    0.000000E+00   
 0.000000E+00    0.000000E+00    0.000000E+00    0.000000E+00    0.000000E+00   
 0.000000E+00    0.000000E+00    0.000000E+00    0.000000E+00    0.000000E+00   
 0.000000E+00    0.000000E+00    0.000000E+00    0.000000E+00    0.000000E+00   
 0.000000E+00    0.000000E+00    0.000000E+00    0.000000E+00    0.000000E+00   
 0.000000E+00    0.000000E+00    0.000000E+00    0.000000E+00    0.000000E+00   
 0.000000E+00    0.000000E+00    0.000000E+00    0.000000E+00    0.000000E+00   
 0.000000E+00    0.000000E+00    0.000000E+00    0.000000E+00    0.000000E+00   
 0.000000E+00    0.000000E+00    0.000000E+00    0.000000E+00    0.000000E+00   
 0.000000E+00    0.000000E+00    0.000000E+00    0.000000E+00    0.000000E+00   
 0.000000E+00    0.000000E+00    0.000000E+00    0.000000E+00    0.000000E+00   
 0.000000E+00    0.000000E+00    0.000000E+00    0.000000E+00    0.000000E+00   
 0.000000E+00    0.000000E+00    0.000000E+00    0.000000E+00    0.000000E+00   
 0.000000E+00    0.000000E+00    0.000000E+00    0.000000E+00    0.000000E+00   
 0.000000E+00    0.000000E+00    0.000000E+00    0.000000E+00    0.000000E+00   
 0.000000E+00    0.000000E+00    0.000000E+00    0.000000E+00    0.000000E+00   
 0.000000E+00    0.000000E+00    0.000000E+00    1.000658E-02    0.000000E+00   
 0.000000E+00    0.000000E+00    0.000000E+00    0.000000E+00    0.000000E+00   
 0.000000E+00    0.000000E+00    0.000000E+00    0.000000E+00    0.000000E+00   
 0.000000E+00    0.000000E+00    0.000000E+00    4.261063E-01    0.000000E+00   
 0.000000E+00    0.000000E+00    1.541406E-01    0.000000E+00    0.000000E+00   
 0.000000E+00    0.000000E+00    1.814129E-01    0.000000E+00    0.000000E+00   
 0.000000E+00    0.000000E+00    7.189656E-01    0.000000E+00    0.000000E+00   
 0.000000E+00    0.000000E+00    3.472199E-01    0.000000E+00    0.000000E+00   
 0.000000E+00    0.000000E+00    7.060777E-01    0.000000E+00    0.000000E+00   
 0.000000E+00    0.000000E+00    5.296773E-01    0.000000E+00    0.000000E+00   
 0.000000E+00    0.000000E+00    1.212570E+00    0.000000E+00    0.000000E+00   
 0.000000E+00    0.000000E+00    1.145856E+00    0.000000E+00    0.000000E+00   
 0.000000E+00    0.000000E+00    7.003832E-01    0.000000E+00    0.000000E+00   
 0.000000E+00    0.000000E+00    1.425778E+00    0.000000E+00    0.000000E+00   
 0.000000E+00    0.000000E+00    8.787498E-01    0.000000E+00    0.000000E+00   
 0.000000E+00    0.000000E+00    8.829691E-01    0.000000E+00    0.000000E+00   
 0.000000E+00    0.000000E+00    1.617570E+00    0.000000E+00    0.000000E+00   
 0.000000E+00    0.000000E+00    1.038381E+00    0.000000E+00    0.000000E+00   
 0.000000E+00    0.000000E+00    1.802465E+00    0.000000E+00    0.000000E+00   
 0.000000E+00    0.000000E+00    1.198735E+00    0.000000E+00    0.000000E+00   
 0.000000E+00    0.000000E+00    1.977506E+00    0.000000E+00    0.000000E+00   
 0.000000E+00    0.000000E+00    1.356738E+00    0.000000E+00    0.000000E+00   
 0.000000E+00    0.000000E+00    1.340220E+00    0.000000E+00    0.000000E+00   
 0.000000E+00    0.000000E+00    2.136454E+00    0.000000E+00    0.000000E+00   
 0.000000E+00    0.000000E+00    2.275383E+00    0.000000E+00    0.000000E+00   
 0.000000E+00    0.000000E+00    1.633738E+00    0.000000E+00    0.000000E+00   
 0.000000E+00    0.000000E+00    2.398541E+00    0.000000E+00    0.000000E+00   
 0.000000E+00    0.000000E+00    1.768775E+00    0.000000E+00    0.000000E+00   
 0.000000E+00    0.000000E+00    1.824949E+00    0.000000E+00    0.000000E+00   
 0.000000E+00    0.000000E+00    1.908032E+00    0.000000E+00    0.000000E+00   
 0.000000E+00    0.000000E+00    2.607087E+00    0.000000E+00    0.000000E+00   
 0.000000E+00    0.000000E+00    2.424982E+00    0.000000E+00    0.000000E+00   
 0.000000E+00    0.000000E+00    2.696880E+00    0.000000E+00    0.000000E+00   
 0.000000E+00    0.000000E+00    2.114519E+00    0.000000E+00    0.000000E+00   
 0.000000E+00    0.000000E+00    2.557370E+00    0.000000E+00    0.000000E+00   
 0.000000E+00    0.000000E+00    2.209075E+00    0.000000E+00    0.000000E+00   
 0.000000E+00    0.000000E+00    2.300276E+00    0.000000E+00    0.000000E+00   
 0.000000E+00    0.000000E+00    2.895228E+00    0.000000E+00    0.000000E+00   
 0.000000E+00    0.000000E+00    1.791627E-01    0.000000E+00    0.000000E+00   
 0.000000E+00    0.000000E+00    1.723787E-01    0.000000E+00    0.000000E+00   
 0.000000E+00    0.000000E+00    1.772641E-01    0.000000E+00    0.000000E+00   
 0.000000E+00    0.000000E+00    1.745284E-01    0.000000E+00    0.000000E+00   
 0.000000E+00    0.000000E+00    1.644687E-01    0.000000E+00    0.000000E+00   
 0.000000E+00    0.000000E+00    1.714451E-01    0.000000E+00    0.000000E+00   
 0.000000E+00    0.000000E+00    1.609584E-01    0.000000E+00    0.000000E+00   
 0.000000E+00    0.000000E+00    1.555027E-01    0.000000E+00    0.000000E+00   
 0.000000E+00    0.000000E+00    1.632401E-01    0.000000E+00    0.000000E+00   
 0.000000E+00    0.000000E+00    1.575248E-01    0.000000E+00    0.000000E+00   
 0.000000E+00    0.000000E+00    1.597123E-01    0.000000E+00    0.000000E+00   
 0.000000E+00    0.000000E+00    1.551920E-01    0.000000E+00    0.000000E+00   
 0.000000E+00    0.000000E+00    0.000000E+00    0.000000E+00    0.000000E+00   
 0.000000E+00    0.000000E+00    0.000000E+00    0.000000E+00    0.000000E+00   
 0.000000E+00    0.000000E+00    0.000000E+00    0.000000E+00    0.000000E+00   
 0.000000E+00    0.000000E+00    0.000000E+00    0.000000E+00    0.000000E+00   
 0.000000E+00    0.000000E+00    0.000000E+00    0.000000E+00    0.000000E+00   
 0.000000E+00    0.000000E+00    0.000000E+00    0.000000E+00    0.000000E+00   
 0.000000E+00    0.000000E+00    0.000000E+00    0.000000E+00    0.000000E+00   
 0.000000E+00    0.000000E+00    0.000000E+00    0.000000E+00    0.000000E+00   
 0.000000E+00    0.000000E+00    0.000000E+00    0.000000E+00    0.000000E+00   
 0.000000E+00    0.000000E+00    0.000000E+00    0.000000E+00    0.000000E+00   
 0.000000E+00    0.000000E+00    0.000000E+00    0.000000E+00    0.000000E+00   
 0.000000E+00    0.000000E+00    0.000000E+00    0.000000E+00    0.000000E+00   
 0.000000E+00    0.000000E+00    0.000000E+00    0.000000E+00    0.000000E+00   
 0.000000E+00    0.000000E+00    0.000000E+00    0.000000E+00    0.000000E+00   
 0.000000E+00    0.000000E+00    0.000000E+00    0.000000E+00    0.000000E+00   
 0.000000E+00    0.000000E+00    0.000000E+00    0.000000E+00    0.000000E+00   
 0.000000E+00    0.000000E+00    0.000000E+00    0.000000E+00    0.000000E+00   
 0.000000E+00    0.000000E+00    0.000000E+00    0.000000E+00    0.000000E+00   
 0.000000E+00    0.000000E+00    0.000000E+00    0.000000E+00    0.000000E+00   
 0.000000E+00    0.000000E+00    0.000000E+00    0.000000E+00    0.000000E+00   
 0.000000E+00    0.000000E+00    0.000000E+00    0.000000E+00    0.000000E+00   
 0.000000E+00    0.000000E+00    0.000000E+00    0.000000E+00    0.000000E+00   
 0.000000E+00    0.000000E+00    0.000000E+00    0.000000E+00    0.000000E+00   
 0.000000E+00    0.000000E+00    0.000000E+00    0.000000E+00    0.000000E+00   
 0.000000E+00    0.000000E+00    0.000000E+00    0.000000E+00    0.000000E+00   
 0.000000E+00    0.000000E+00    0.000000E+00    0.000000E+00    0.000000E+00   
 0.000000E+00    0.000000E+00    0.000000E+00    0.000000E+00    0.000000E+00   
 0.000000E+00    0.000000E+00    0.000000E+00    0.000000E+00    0.000000E+00   
 0.000000E+00    0.000000E+00    0.000000E+00    0.000000E+00    0.000000E+00   
 0.000000E+00    0.000000E+00    0.000000E+00    0.000000E+00    0.000000E+00   
 0.000000E+00    0.000000E+00    0.000000E+00    0.000000E+00    0.000000E+00   
 0.000000E+00    0.000000E+00    0.000000E+00    0.000000E+00    0.000000E+00   
 0.000000E+00    0.000000E+00    0.000000E+00    0.000000E+00    0.000000E+00   
 0.000000E+00    0.000000E+00    0.000000E+00    0.000000E+00    0.000000E+00   
 0.000000E+00    0.000000E+00    0.000000E+00    0.000000E+00    0.000000E+00   
 0.000000E+00    0.000000E+00    0.000000E+00    0.000000E+00    0.000000E+00   
 0.000000E+00    0.000000E+00    0.000000E+00    0.000000E+00    0.000000E+00   
 0.000000E+00    0.000000E+00    0.000000E+00    0.000000E+00    0.000000E+00   
 0.000000E+00    0.000000E+00    0.000000E+00    0.000000E+00    0.000000E+00   
 0.000000E+00    0.000000E+00    0.000000E+00    0.000000E+00    0.000000E+00   
 0.000000E+00    0.000000E+00    0.000000E+00    0.000000E+00    0.000000E+00   
 0.000000E+00    0.000000E+00    0.000000E+00    0.000000E+00    0.000000E+00   
 0.000000E+00    0.000000E+00    0.000000E+00    0.000000E+00    0.000000E+00   
 0.000000E+00    0.000000E+00    0.000000E+00    0.000000E+00    0.000000E+00   
 0.000000E+00    0.000000E+00    0.000000E+00    0.000000E+00    0.000000E+00   
 0.000000E+00    0.000000E+00    0.000000E+00    0.000000E+00    0.000000E+00   
 0.000000E+00    0.000000E+00    0.000000E+00    0.000000E+00    0.000000E+00   
 0.000000E+00    0.000000E+00    0.000000E+00    0.000000E+00    0.000000E+00   
 0.000000E+00    0.000000E+00    0.000000E+00    0.000000E+00    0.000000E+00   
 0.000000E+00    0.000000E+00    0.000000E+00    0.000000E+00    0.000000E+00   
 0.000000E+00    0.000000E+00    0.000000E+00    0.000000E+00    0.000000E+00   
 0.000000E+00    0.000000E+00    0.000000E+00    0.000000E+00    0.000000E+00   
 0.000000E+00    0.000000E+00    0.000000E+00    0.000000E+00    0.000000E+00   
 0.000000E+00    0.000000E+00    0.000000E+00    0.000000E+00    0.000000E+00   
 0.000000E+00    0.000000E+00    0.000000E+00    0.000000E+00    0.000000E+00   
 0.000000E+00    0.000000E+00    0.000000E+00    0.000000E+00    0.000000E+00   
 0.000000E+00    0.000000E+00    0.000000E+00    0.000000E+00    0.000000E+00   
 0.000000E+00    0.000000E+00    0.000000E+00    0.000000E+00    0.000000E+00   
 0.000000E+00    0.000000E+00    0.000000E+00    0.000000E+00    0.000000E+00   
 0.000000E+00    0.000000E+00    0.000000E+00    0.000000E+00    0.000000E+00   
 0.000000E+00    0.000000E+00    0.000000E+00    0.000000E+00    0.000000E+00   
 0.000000E+00    0.000000E+00    0.000000E+00    0.000000E+00    0.000000E+00   
 0.000000E+00    3.641425E-01    0.000000E+00    0.000000E+00    0.000000E+00   
 0.000000E+00    3.890728E+00    0.000000E+00    0.000000E+00    0.000000E+00   
 0.000000E+00    4.009355E+00    0.000000E+00    0.000000E+00    0.000000E+00   
 0.000000E+00    3.549659E+00    0.000000E+00    0.000000E+00    0.000000E+00   
 0.000000E+00    3.264722E+00    0.000000E+00    0.000000E+00    0.000000E+00   
 0.000000E+00    4.306146E+00    0.000000E+00    0.000000E+00    0.000000E+00   
 0.000000E+00    3.255311E+00    0.000000E+00    0.000000E+00    0.000000E+00   
 0.000000E+00    2.911761E+00    0.000000E+00    0.000000E+00    0.000000E+00   
 0.000000E+00    3.967708E+00    0.000000E+00    0.000000E+00    0.000000E+00   
 0.000000E+00    1.687631E-01    0.000000E+00    0.000000E+00    0.000000E+00   
 0.000000E+00    1.681894E-01    0.000000E+00    0.000000E+00    0.000000E+00   
 0.000000E+00    1.816050E-01    0.000000E+00    0.000000E+00    0.000000E+00   
 0.000000E+00    1.867139E-01    0.000000E+00    0.000000E+00    0.000000E+00   
 0.000000E+00    1.865976E-01    0.000000E+00    0.000000E+00    0.000000E+00   
 0.000000E+00    1.856679E-01    0.000000E+00    0.000000E+00    0.000000E+00   
 0.000000E+00    1.748428E-01    0.000000E+00    0.000000E+00    0.000000E+00   
 1.798409E-01    0.000000E+00    0.000000E+00    0.000000E+00    0.000000E+00   
 1.800505E-01    0.000000E+00    0.000000E+00    0.000000E+00    0.000000E+00   
 1.720272E-01    0.000000E+00    0.000000E+00    0.000000E+00    0.000000E+00   
 1.778809E-01    0.000000E+00    0.000000E+00    0.000000E+00    0.000000E+00   
 1.701113E-01    0.000000E+00    0.000000E+00    0.000000E+00    0.000000E+00   
 1.747130E-01    0.000000E+00    0.000000E+00    0.000000E+00    0.000000E+00   
 1.674540E-01    0.000000E+00    0.000000E+00    0.000000E+00    0.000000E+00   
 1.633904E-01    0.000000E+00    0.000000E+00    0.000000E+00    0.000000E+00   
 1.699770E-01    0.000000E+00    0.000000E+00    0.000000E+00    0.000000E+00   
 1.593735E-01    0.000000E+00    0.000000E+00    0.000000E+00    0.000000E+00   
 0.000000E+00    0.000000E+00    1.518448E-01    0.000000E+00    0.000000E+00   
 0.000000E+00    0.000000E+00    0.000000E+00    1.495474E-01    0.000000E+00   
 0.000000E+00    0.000000E+00    0.000000E+00    1.552962E-01    0.000000E+00   
 0.000000E+00    0.000000E+00    0.000000E+00    1.410952E-01    0.000000E+00   
 0.000000E+00    0.000000E+00    0.000000E+00    1.482170E-01    0.000000E+00   
 0.000000E+00    0.000000E+00    0.000000E+00    1.346743E-01    0.000000E+00   
 0.000000E+00    0.000000E+00    0.000000E+00    1.438084E-01    0.000000E+00   
 0.000000E+00    0.000000E+00    0.000000E+00    1.336093E-01    0.000000E+00   
 0.000000E+00    0.000000E+00    0.000000E+00    1.246579E-01    0.000000E+00   
 0.000000E+00    0.000000E+00    0.000000E+00    1.331453E-01    0.000000E+00   
 0.000000E+00    0.000000E+00    0.000000E+00    1.737497E-02    0.000000E+00   
 0.000000E+00    0.000000E+00    0.000000E+00    0.000000E+00    0.000000E+00   
 0.000000E+00    0.000000E+00    0.000000E+00    0.000000E+00    0.000000E+00   
 0.000000E+00    0.000000E+00    0.000000E+00    0.000000E+00    0.000000E+00   
 0.000000E+00    0.000000E+00    0.000000E+00    0.000000E+00    0.000000E+00   
 0.000000E+00    0.000000E+00    0.000000E+00    0.000000E+00    0.000000E+00   
 0.000000E+00    0.000000E+00    0.000000E+00    0.000000E+00    0.000000E+00   
 0.000000E+00    0.000000E+00    0.000000E+00    0.000000E+00    0.000000E+00   
 0.000000E+00    0.000000E+00    0.000000E+00    0.000000E+00    0.000000E+00   
 0.000000E+00    0.000000E+00    0.000000E+00    0.000000E+00    0.000000E+00   
 0.000000E+00    0.000000E+00    0.000000E+00    0.000000E+00    0.000000E+00   
 0.000000E+00    0.000000E+00    0.000000E+00    0.000000E+00    0.000000E+00   
 0.000000E+00    0.000000E+00    0.000000E+00    0.000000E+00    0.000000E+00   
 0.000000E+00    0.000000E+00    0.000000E+00    0.000000E+00    0.000000E+00   
 0.000000E+00    0.000000E+00    0.000000E+00    0.000000E+00    0.000000E+00   
 0.000000E+00    0.000000E+00    0.000000E+00    0.000000E+00    0.000000E+00   
 0.000000E+00    0.000000E+00    0.000000E+00    0.000000E+00    0.000000E+00   
 0.000000E+00    0.000000E+00    0.000000E+00    0.000000E+00    0.000000E+00   
 0.000000E+00    0.000000E+00    0.000000E+00    0.000000E+00    0.000000E+00   
 0.000000E+00    0.000000E+00    0.000000E+00    0.000000E+00    0.000000E+00   
 0.000000E+00    0.000000E+00    0.000000E+00    0.000000E+00    0.000000E+00   
 0.000000E+00    0.000000E+00    0.000000E+00    0.000000E+00    0.000000E+00   
 0.000000E+00    0.000000E+00    0.000000E+00    0.000000E+00    0.000000E+00   
 0.000000E+00    0.000000E+00    0.000000E+00    0.000000E+00    0.000000E+00   
 0.000000E+00    0.000000E+00    0.000000E+00    0.000000E+00    0.000000E+00   
 0.000000E+00    0.000000E+00    0.000000E+00    0.000000E+00    0.000000E+00   
 0.000000E+00    0.000000E+00    0.000000E+00    0.000000E+00    0.000000E+00   
 0.000000E+00    0.000000E+00    0.000000E+00    0.000000E+00    0.000000E+00   
 0.000000E+00    0.000000E+00    0.000000E+00    0.000000E+00    0.000000E+00   
 0.000000E+00    0.000000E+00    0.000000E+00    0.000000E+00    0.000000E+00   
 0.000000E+00    0.000000E+00    0.000000E+00    0.000000E+00    0.000000E+00   
 0.000000E+00    0.000000E+00    0.000000E+00    0.000000E+00    0.000000E+00   
 0.000000E+00    0.000000E+00    0.000000E+00    0.000000E+00    0.000000E+00   
 0.000000E+00    0.000000E+00    0.000000E+00    0.000000E+00    0.000000E+00   
 0.000000E+00    0.000000E+00    0.000000E+00    0.000000E+00    0.000000E+00   
 0.000000E+00    0.000000E+00    0.000000E+00    0.000000E+00    0.000000E+00   
 0.000000E+00    0.000000E+00    0.000000E+00    0.000000E+00    0.000000E+00   
 0.000000E+00    0.000000E+00    0.000000E+00    0.000000E+00    0.000000E+00   
 0.000000E+00    0.000000E+00    0.000000E+00    0.000000E+00    0.000000E+00   
 0.000000E+00    0.000000E+00    0.000000E+00    0.000000E+00    0.000000E+00   
 0.000000E+00    0.000000E+00    0.000000E+00    0.000000E+00    0.000000E+00   
 0.000000E+00    0.000000E+00    0.000000E+00    0.000000E+00    0.000000E+00   
 0.000000E+00    0.000000E+00    0.000000E+00    0.000000E+00    0.000000E+00   
 0.000000E+00    0.000000E+00    0.000000E+00    0.000000E+00    0.000000E+00   
 0.000000E+00    0.000000E+00    0.000000E+00    0.000000E+00    0.000000E+00   
 0.000000E+00    0.000000E+00    0.000000E+00    0.000000E+00    0.000000E+00   
 0.000000E+00    0.000000E+00    0.000000E+00    0.000000E+00    0.000000E+00   
 0.000000E+00    0.000000E+00    0.000000E+00    0.000000E+00    0.000000E+00   
 0.000000E+00    0.000000E+00    0.000000E+00    0.000000E+00    0.000000E+00   
 0.000000E+00    0.000000E+00    0.000000E+00    0.000000E+00    0.000000E+00   
 0.000000E+00    0.000000E+00    0.000000E+00    0.000000E+00    0.000000E+00   
 0.000000E+00    0.000000E+00    0.000000E+00    0.000000E+00    0.000000E+00   
 0.000000E+00    0.000000E+00    0.000000E+00    0.000000E+00    0.000000E+00   
 0.000000E+00    0.000000E+00    0.000000E+00    0.000000E+00    0.000000E+00   
 0.000000E+00    0.000000E+00    0.000000E+00    0.000000E+00    0.000000E+00   
 0.000000E+00    0.000000E+00    0.000000E+00    0.000000E+00    0.000000E+00   
 0.000000E+00    0.000000E+00    0.000000E+00    0.000000E+00    0.000000E+00   
 0.000000E+00    0.000000E+00    0.000000E+00    0.000000E+00    0.000000E+00   
 0.000000E+00    0.000000E+00    0.000000E+00    0.000000E+00    0.000000E+00   
 0.000000E+00    0.000000E+00    0.000000E+00    0.000000E+00    0.000000E+00   
 0.000000E+00    0.000000E+00    0.000000E+00    0.000000E+00    0.000000E+00   
 0.000000E+00    0.000000E+00    0.000000E+00    0.000000E+00    0.000000E+00   
 0.000000E+00    0.000000E+00    0.000000E+00    0.000000E+00    0.000000E+00   
 0.000000E+00    0.000000E+00    0.000000E+00    0.000000E+00    0.000000E+00   
 0.000000E+00    0.000000E+00    0.000000E+00    0.000000E+00    0.000000E+00   
 0.000000E+00    0.000000E+00    0.000000E+00    0.000000E+00    0.000000E+00   
 0.000000E+00    0.000000E+00    0.000000E+00    0.000000E+00    0.000000E+00   
 0.000000E+00    0.000000E+00    0.000000E+00    0.000000E+00    0.000000E+00   
 0.000000E+00    0.000000E+00    0.000000E+00    0.000000E+00    0.000000E+00   
 0.000000E+00    0.000000E+00    0.000000E+00    0.000000E+00    0.000000E+00   
 0.000000E+00    0.000000E+00    0.000000E+00    0.000000E+00    0.000000E+00   
 0.000000E+00    0.000000E+00    0.000000E+00    0.000000E+00    0.000000E+00   
 0.000000E+00    0.000000E+00    0.000000E+00    0.000000E+00    0.000000E+00   
 0.000000E+00    0.000000E+00    0.000000E+00    0.000000E+00    0.000000E+00   
 0.000000E+00    0.000000E+00    0.000000E+00    0.000000E+00    0.000000E+00   
 0.000000E+00    0.000000E+00    0.000000E+00    0.000000E+00    0.000000E+00   
 0.000000E+00    0.000000E+00    0.000000E+00    0.000000E+00    0.000000E+00   
 0.000000E+00    0.000000E+00    0.000000E+00    0.000000E+00    0.000000E+00   
 0.000000E+00    0.000000E+00    0.000000E+00    0.000000E+00    0.000000E+00   
 0.000000E+00    0.000000E+00    0.000000E+00    0.000000E+00    0.000000E+00   
 0.000000E+00    0.000000E+00    0.000000E+00    0.000000E+00    0.000000E+00   
 0.000000E+00    0.000000E+00    0.000000E+00    0.000000E+00    0.000000E+00   
 0.000000E+00    0.000000E+00    0.000000E+00    0.000000E+00    0.000000E+00   
 0.000000E+00    0.000000E+00    0.000000E+00    0.000000E+00    0.000000E+00   
 0.000000E+00    0.000000E+00    0.000000E+00    0.000000E+00    0.000000E+00   
 0.000000E+00    0.000000E+00    0.000000E+00    0.000000E+00    0.000000E+00   
 0.000000E+00    0.000000E+00    0.000000E+00    0.000000E+00    0.000000E+00   
 0.000000E+00    0.000000E+00    0.000000E+00    0.000000E+00    0.000000E+00   
 0.000000E+00    0.000000E+00    0.000000E+00    0.000000E+00    0.000000E+00   
 0.000000E+00    0.000000E+00    0.000000E+00    0.000000E+00    0.000000E+00   
 0.000000E+00    0.000000E+00    0.000000E+00    0.000000E+00    0.000000E+00   
 0.000000E+00    0.000000E+00    0.000000E+00    0.000000E+00    0.000000E+00   
 0.000000E+00    0.000000E+00    0.000000E+00    0.000000E+00    0.000000E+00   
 0.000000E+00    0.000000E+00    0.000000E+00    0.000000E+00    0.000000E+00   
 0.000000E+00    0.000000E+00    0.000000E+00    0.000000E+00    0.000000E+00   
 0.000000E+00    0.000000E+00    0.000000E+00    0.000000E+00    0.000000E+00   
 0.000000E+00    0.000000E+00    0.000000E+00    0.000000E+00    0.000000E+00   
 0.000000E+00    0.000000E+00    0.000000E+00    0.000000E+00    0.000000E+00   
 0.000000E+00    0.000000E+00    0.000000E+00    0.000000E+00    0.000000E+00   
 0.000000E+00    0.000000E+00    0.000000E+00    0.000000E+00    0.000000E+00   
 0.000000E+00    0.000000E+00    0.000000E+00    0.000000E+00    0.000000E+00   
 0.000000E+00    0.000000E+00    0.000000E+00    0.000000E+00    0.000000E+00   
 0.000000E+00    0.000000E+00    0.000000E+00    0.000000E+00    0.000000E+00   
 0.000000E+00    0.000000E+00    0.000000E+00    0.000000E+00    0.000000E+00   
 0.000000E+00    0.000000E+00    0.000000E+00    0.000000E+00    0.000000E+00   
 0.000000E+00    0.000000E+00    0.000000E+00    0.000000E+00    0.000000E+00   
 0.000000E+00    0.000000E+00    0.000000E+00    0.000000E+00    0.000000E+00   
 0.000000E+00    0.000000E+00    0.000000E+00    0.000000E+00    0.000000E+00   
 0.000000E+00    0.000000E+00    0.000000E+00    0.000000E+00    0.000000E+00   
 0.000000E+00    0.000000E+00    0.000000E+00    0.000000E+00    0.000000E+00   
 0.000000E+00    0.000000E+00    0.000000E+00    0.000000E+00    0.000000E+00   
 0.000000E+00    0.000000E+00    0.000000E+00    0.000000E+00    0.000000E+00   
 0.000000E+00    0.000000E+00    0.000000E+00    0.000000E+00    0.000000E+00   
 0.000000E+00    0.000000E+00    0.000000E+00    0.000000E+00    0.000000E+00   
 0.000000E+00    0.000000E+00    0.000000E+00    0.000000E+00    0.000000E+00   
 0.000000E+00    0.000000E+00    0.000000E+00    0.000000E+00    0.000000E+00   
 0.000000E+00    0.000000E+00    0.000000E+00    0.000000E+00    0.000000E+00   
 0.000000E+00    0.000000E+00    0.000000E+00    0.000000E+00    0.000000E+00   
 0.000000E+00    0.000000E+00    0.000000E+00    0.000000E+00    0.000000E+00   
 0.000000E+00    0.000000E+00    0.000000E+00    0.000000E+00    0.000000E+00   
 0.000000E+00    0.000000E+00    0.000000E+00    0.000000E+00    1.360116E-01   
 0.000000E+00    0.000000E+00    0.000000E+00    0.000000E+00    0.000000E+00   
 0.000000E+00    0.000000E+00    1.416990E-02    0.000000E+00    0.000000E+00   
 2.817059E-01    0.000000E+00    0.000000E+00    0.000000E+00    0.000000E+00   
 0.000000E+00    0.000000E+00    0.000000E+00    0.000000E+00    0.000000E+00   
 0.000000E+00    0.000000E+00    0.000000E+00    0.000000E+00    0.000000E+00   
 2.671219E-01    0.000000E+00    0.000000E+00    0.000000E+00    0.000000E+00   
 0.000000E+00    0.000000E+00    0.000000E+00    0.000000E+00    0.000000E+00   
 0.000000E+00    0.000000E+00    0.000000E+00    0.000000E+00    0.000000E+00   
 0.000000E+00    0.000000E+00    0.000000E+00    0.000000E+00    0.000000E+00   
 2.558930E-01    0.000000E+00    0.000000E+00    0.000000E+00    0.000000E+00   
 0.000000E+00    0.000000E+00    0.000000E+00    0.000000E+00    0.000000E+00   
 0.000000E+00    0.000000E+00    0.000000E+00    0.000000E+00    0.000000E+00   
 0.000000E+00    2.471905E-01    0.000000E+00    0.000000E+00    0.000000E+00   
 0.000000E+00    0.000000E+00    0.000000E+00    0.000000E+00    0.000000E+00   
 0.000000E+00    0.000000E+00    0.000000E+00    0.000000E+00    0.000000E+00   
 0.000000E+00    2.407967E-01    0.000000E+00    0.000000E+00    0.000000E+00   
 0.000000E+00    0.000000E+00    0.000000E+00    0.000000E+00    0.000000E+00   
 0.000000E+00    2.057284E-02    0.000000E+00    0.000000E+00    0.000000E+00   
 0.000000E+00    0.000000E+00    0.000000E+00    0.000000E+00    0.000000E+00   
 0.000000E+00    0.000000E+00    0.000000E+00    0.000000E+00    0.000000E+00   
 0.000000E+00    1.740161E-02    0.000000E+00    0.000000E+00    0.000000E+00   
 0.000000E+00    0.000000E+00    0.000000E+00    0.000000E+00    0.000000E+00   
 0.000000E+00    0.000000E+00    0.000000E+00    0.000000E+00    0.000000E+00   
 0.000000E+00    0.000000E+00    0.000000E+00    4.592825E-03    0.000000E+00   
 0.000000E+00    0.000000E+00    0.000000E+00    2.273367E-01    0.000000E+00   
 0.000000E+00    0.000000E+00    0.000000E+00    1.383525E-02    0.000000E+00   
 0.000000E+00    0.000000E+00    0.000000E+00    0.000000E+00    0.000000E+00   
 0.000000E+00    0.000000E+00    0.000000E+00    3.894352E-03    0.000000E+00   
 0.000000E+00    0.000000E+00    0.000000E+00    2.190826E-01    0.000000E+00   
 0.000000E+00    0.000000E+00    0.000000E+00    1.121951E-01    0.000000E+00   
 0.000000E+00    0.000000E+00    0.000000E+00    0.000000E+00    0.000000E+00   
 0.000000E+00    0.000000E+00    0.000000E+00    0.000000E+00    1.108246E-02   
 0.000000E+00    0.000000E+00    0.000000E+00    0.000000E+00    2.018480E-01   
 0.000000E+00    0.000000E+00    0.000000E+00    0.000000E+00    0.000000E+00   
 0.000000E+00    0.000000E+00    0.000000E+00    0.000000E+00    1.376623E-03   
 0.000000E+00    0.000000E+00    0.000000E+00    0.000000E+00    1.996048E-01   
 0.000000E+00    0.000000E+00    0.000000E+00    0.000000E+00    0.000000E+00   
 0.000000E+00    0.000000E+00    0.000000E+00    0.000000E+00    0.000000E+00   
 0.000000E+00    0.000000E+00    0.000000E+00    0.000000E+00    4.873916E-03   
 0.000000E+00    0.000000E+00    0.000000E+00    0.000000E+00    9.189273E-02   
 0.000000E+00    0.000000E+00    0.000000E+00    0.000000E+00    0.000000E+00   
 1.030950E-05    0.000000E+00    0.000000E+00    0.000000E+00    0.000000E+00   
 1.899012E-01    0.000000E+00    0.000000E+00    0.000000E+00    0.000000E+00   
 0.000000E+00    0.000000E+00    0.000000E+00    0.000000E+00    0.000000E+00   
 0.000000E+00    0.000000E+00    0.000000E+00    0.000000E+00    0.000000E+00   
 0.000000E+00    0.000000E+00    0.000000E+00    0.000000E+00    0.000000E+00   
 1.839653E-01    0.000000E+00    0.000000E+00    0.000000E+00    0.000000E+00   
 0.000000E+00    0.000000E+00    0.000000E+00    0.000000E+00    0.000000E+00   
 0.000000E+00    0.000000E+00    0.000000E+00    0.000000E+00    0.000000E+00   
 1.855764E-04    0.000000E+00    0.000000E+00    0.000000E+00    0.000000E+00   
 1.829825E-01    0.000000E+00    0.000000E+00    0.000000E+00    0.000000E+00   
 0.000000E+00    0.000000E+00    0.000000E+00    0.000000E+00    0.000000E+00   
 0.000000E+00    1.277691E-03    0.000000E+00    0.000000E+00    0.000000E+00   
 0.000000E+00    1.723083E-01    0.000000E+00    0.000000E+00    0.000000E+00   
 0.000000E+00    3.266534E-03    0.000000E+00    0.000000E+00    0.000000E+00   
 0.000000E+00    0.000000E+00    0.000000E+00    0.000000E+00    0.000000E+00   
 0.000000E+00    0.000000E+00    0.000000E+00    0.000000E+00    0.000000E+00   
 0.000000E+00    1.668701E-01    0.000000E+00    0.000000E+00    0.000000E+00   
 0.000000E+00    4.873541E-02    0.000000E+00    0.000000E+00    0.000000E+00   
 0.000000E+00    0.000000E+00    0.000000E+00    0.000000E+00    0.000000E+00   
 0.000000E+00    9.637945E-03    0.000000E+00    0.000000E+00    0.000000E+00   
 0.000000E+00    1.675333E-01    0.000000E+00    0.000000E+00    0.000000E+00   
 0.000000E+00    1.530928E-01    0.000000E+00    0.000000E+00    0.000000E+00   
 0.000000E+00    0.000000E+00    0.000000E+00    0.000000E+00    0.000000E+00   
 0.000000E+00    2.492832E-02    0.000000E+00    0.000000E+00    0.000000E+00   
 0.000000E+00    1.384609E-01    0.000000E+00    0.000000E+00    0.000000E+00   
 0.000000E+00    0.000000E+00    0.000000E+00    0.000000E+00    0.000000E+00   
 0.000000E+00    0.000000E+00    4.527388E-03    0.000000E+00    0.000000E+00   
 0.000000E+00    0.000000E+00    2.380748E-02    0.000000E+00    0.000000E+00   
 0.000000E+00    0.000000E+00    0.000000E+00    0.000000E+00    0.000000E+00   
 0.000000E+00    0.000000E+00    0.000000E+00    0.000000E+00    0.000000E+00   
 0.000000E+00    0.000000E+00    0.000000E+00    0.000000E+00    1.504036E-01   
 0.000000E+00    0.000000E+00    0.000000E+00    0.000000E+00    0.000000E+00   
 0.000000E+00    0.000000E+00    0.000000E+00    0.000000E+00    0.000000E+00   
 0.000000E+00    0.000000E+00    0.000000E+00    0.000000E+00    1.501346E-01   
 0.000000E+00    0.000000E+00    0.000000E+00    0.000000E+00    0.000000E+00   
 0.000000E+00    0.000000E+00    0.000000E+00    0.000000E+00    0.000000E+00   
 0.000000E+00    0.000000E+00    0.000000E+00    0.000000E+00    2.197870E-02   
 0.000000E+00    0.000000E+00    0.000000E+00    0.000000E+00    1.467480E-01   
 0.000000E+00    0.000000E+00    0.000000E+00    0.000000E+00    9.402583E-04   
 0.000000E+00    0.000000E+00    0.000000E+00    0.000000E+00    0.000000E+00   
 8.101181E-03    0.000000E+00    0.000000E+00    0.000000E+00    0.000000E+00   
 1.417216E-01    0.000000E+00    0.000000E+00    0.000000E+00    0.000000E+00   
 1.041020E-01    0.000000E+00    0.000000E+00    0.000000E+00    0.000000E+00   
 0.000000E+00    0.000000E+00    0.000000E+00    0.000000E+00    0.000000E+00   
 4.212185E-03    0.000000E+00    0.000000E+00    0.000000E+00    0.000000E+00   
 1.219998E-01    0.000000E+00    0.000000E+00    0.000000E+00    0.000000E+00   
 9.886698E-04    0.000000E+00    0.000000E+00    0.000000E+00    0.000000E+00   
 0.000000E+00    0.000000E+00    0.000000E+00    0.000000E+00    0.000000E+00   
 4.973573E-03    0.000000E+00    0.000000E+00    0.000000E+00    0.000000E+00   
 1.535848E-02    0.000000E+00    0.000000E+00    0.000000E+00    0.000000E+00   




 
