


A.  .plot_1.curve_1.y_data (newton)

       A         
 8.253558E-04   
 8.785976E-04   
 8.368695E-04   
 0.000000E+00   
 0.000000E+00   
 0.000000E+00   
 0.000000E+00   
 0.000000E+00   
 0.000000E+00   
 0.000000E+00   
 0.000000E+00   
 0.000000E+00   
 0.000000E+00   
 0.000000E+00   
 0.000000E+00   
 0.000000E+00   
 0.000000E+00   
 0.000000E+00   
 0.000000E+00   
 0.000000E+00   
 0.000000E+00   
 0.000000E+00   
 0.000000E+00   
 0.000000E+00   
 0.000000E+00   
 0.000000E+00   
 0.000000E+00   
 0.000000E+00   
 0.000000E+00   
 0.000000E+00   
 0.000000E+00   
 0.000000E+00   
 0.000000E+00   
 0.000000E+00   
 0.000000E+00   
 0.000000E+00   
 0.000000E+00   
 0.000000E+00   
 0.000000E+00   
 0.000000E+00   
 0.000000E+00   
 0.000000E+00   
 0.000000E+00   
 0.000000E+00   
 0.000000E+00   
 0.000000E+00   
 3.057873E-02   
 3.334331E-01   
 9.559551E-01   
 1.660499E+00   
 1.794079E+00   
 2.972350E+00   
 2.986960E+00   
 3.843382E+00   
 3.491938E+00   
 3.490183E+00   
 4.688754E+00   
 4.277674E+00   
 5.093767E+00   
 5.011287E+00   
 6.207645E+00   
 5.896533E+00   
 6.855644E+00   
 6.383175E+00   
 7.051308E+00   
 7.017545E+00   
 8.087634E+00   
 7.721527E+00   
 8.644943E+00   
 9.007700E+00   
 8.645146E+00   
 9.608346E+00   
 9.109023E+00   
 1.002068E+01   
 1.041154E+01   
 1.035988E+01   
 1.075204E+01   
 1.067050E+01   
 1.038466E+01   
 1.386821E+01   
 1.032762E+01   
 1.039333E+01   
 1.413201E+01   
 1.055236E+01   
 1.422496E+01   
 1.333012E+01   
 1.422776E+01   
 1.100049E+01   
 1.311435E+01   
 1.112096E+01   
 1.406297E+01   
 1.104618E+01   
 1.174565E+01   
 1.213085E+01   
 0.000000E+00   
 0.000000E+00   
 0.000000E+00   
 0.000000E+00   
 0.000000E+00   
 0.000000E+00   
 0.000000E+00   
 0.000000E+00   
 0.000000E+00   
 0.000000E+00   
 0.000000E+00   
 0.000000E+00   
 0.000000E+00   
 0.000000E+00   
 0.000000E+00   
 0.000000E+00   
 0.000000E+00   
 0.000000E+00   
 0.000000E+00   
 0.000000E+00   
 0.000000E+00   
 0.000000E+00   
 0.000000E+00   
 0.000000E+00   
 0.000000E+00   
 0.000000E+00   
 0.000000E+00   
 0.000000E+00   
 0.000000E+00   
 0.000000E+00   
 0.000000E+00   
 0.000000E+00   
 0.000000E+00   
 0.000000E+00   
 0.000000E+00   
 0.000000E+00   
 0.000000E+00   
 0.000000E+00   
 0.000000E+00   
 0.000000E+00   
 0.000000E+00   
 0.000000E+00   
 0.000000E+00   
 0.000000E+00   
 0.000000E+00   
 0.000000E+00   
 0.000000E+00   
 0.000000E+00   
 0.000000E+00   
 0.000000E+00   
 0.000000E+00   
 0.000000E+00   
 0.000000E+00   
 0.000000E+00   
 0.000000E+00   
 0.000000E+00   
 0.000000E+00   
 0.000000E+00   
 0.000000E+00   
 0.000000E+00   
 1.475349E+00   
 1.609109E+01   
 1.627284E+01   
 1.459324E+01   
 1.355641E+01   
 1.769938E+01   
 1.346811E+01   
 1.206222E+01   
 1.628289E+01   
 1.181560E+01   
 1.091141E+01   
 1.087202E+01   
 1.291885E+01   
 1.286690E+01   
 1.145014E+01   
 1.040261E+01   
 1.088270E+01   
 1.099825E+01   
 1.014175E+01   
 9.129578E+00   
 9.691728E+00   
 8.010697E+00   
 8.676629E+00   
 7.748653E+00   
 6.817266E+00   
 6.110324E+00   
 7.296325E+00   
 5.408388E+00   
 4.327239E+00   
 3.335337E+00   
 4.127473E+00   
 2.415118E+00   
 3.762528E+00   
 3.489726E+00   
 2.686577E+00   
 1.688996E+00   
 2.308881E-01   
 7.929548E-01   
 3.491103E-01   
 0.000000E+00   
 0.000000E+00   
 0.000000E+00   
 0.000000E+00   
 0.000000E+00   
 0.000000E+00   
 0.000000E+00   
 0.000000E+00   
 0.000000E+00   
 0.000000E+00   
 0.000000E+00   
 0.000000E+00   
 0.000000E+00   
 0.000000E+00   
 0.000000E+00   
 0.000000E+00   
 0.000000E+00   
 0.000000E+00   
 0.000000E+00   
 0.000000E+00   
 0.000000E+00   
 0.000000E+00   
 0.000000E+00   
 0.000000E+00   
 0.000000E+00   
 0.000000E+00   
 0.000000E+00   
 0.000000E+00   
 0.000000E+00   
 0.000000E+00   
 0.000000E+00   
 0.000000E+00   
 0.000000E+00   
 0.000000E+00   
 0.000000E+00   
 0.000000E+00   
 0.000000E+00   
 0.000000E+00   
 0.000000E+00   
 0.000000E+00   
 0.000000E+00   
 0.000000E+00   
 0.000000E+00   
 0.000000E+00   
 0.000000E+00   
 0.000000E+00   
 0.000000E+00   
 0.000000E+00   
 0.000000E+00   
 0.000000E+00   
 0.000000E+00   
 0.000000E+00   
 0.000000E+00   
 0.000000E+00   
 0.000000E+00   
 0.000000E+00   
 0.000000E+00   
 0.000000E+00   
 0.000000E+00   
 0.000000E+00   
 0.000000E+00   
 0.000000E+00   
 0.000000E+00   
 0.000000E+00   
 0.000000E+00   
 0.000000E+00   
 0.000000E+00   
 0.000000E+00   
 0.000000E+00   
 0.000000E+00   
 0.000000E+00   
 0.000000E+00   
 0.000000E+00   
 0.000000E+00   
 0.000000E+00   
 0.000000E+00   
 0.000000E+00   
 0.000000E+00   
 0.000000E+00   
 0.000000E+00   
 0.000000E+00   
 0.000000E+00   
 0.000000E+00   
 0.000000E+00   
 0.000000E+00   
 0.000000E+00   
 0.000000E+00   
 0.000000E+00   
 0.000000E+00   
 0.000000E+00   
 0.000000E+00   
 0.000000E+00   
 0.000000E+00   
 0.000000E+00   
 0.000000E+00   
 0.000000E+00   
 0.000000E+00   
 0.000000E+00   
 0.000000E+00   
 0.000000E+00   
 0.000000E+00   
 0.000000E+00   
 0.000000E+00   
 0.000000E+00   
 0.000000E+00   
 0.000000E+00   
 0.000000E+00   
 0.000000E+00   
 0.000000E+00   
 0.000000E+00   
 0.000000E+00   
 5.999182E-02   
 8.064668E-01   
 0.000000E+00   
 2.194083E-02   
 3.298984E-01   
 0.000000E+00   
 0.000000E+00   
 6.700004E-01   
 0.000000E+00   
 0.000000E+00   
 6.505456E-01   
 0.000000E+00   
 0.000000E+00   
 3.355698E-02   
 6.776210E-01   
 0.000000E+00   
 0.000000E+00   
 3.490169E-02   
 6.658727E-01   
 5.833995E-02   
 0.000000E+00   
 3.450370E-02   
 6.094921E-01   
 5.091357E-01   
 0.000000E+00   
 2.095663E-02   
 4.783099E-01   
 1.346342E-02   
 0.000000E+00   
 3.252704E-02   
 5.502185E-01   
 0.000000E+00   
 0.000000E+00   
 5.287415E-01   
 0.000000E+00   
 0.000000E+00   
 8.195712E-03   
 5.123508E-01   
 1.710642E-03   
 0.000000E+00   
 4.074222E-02   
 4.793892E-01   
 3.151886E-01   
 0.000000E+00   
 4.439977E-02   
 3.800150E-01   
 0.000000E+00   
 0.000000E+00   
 0.000000E+00   
 4.035784E-01   
 0.000000E+00   
 0.000000E+00   
 1.656468E-03   
 3.964078E-01   
 0.000000E+00   
 0.000000E+00   
 1.605695E-03   
 4.045611E-01   
 1.323410E-01   
 0.000000E+00   
 2.505319E-02   
 3.835770E-01   
 0.000000E+00   
 1.134147E-02   
 3.622933E-01   
 0.000000E+00   
 0.000000E+00   
 8.899750E-02   
 0.000000E+00   
 0.000000E+00   
 3.721169E-02   
 3.061147E-01   
 1.939388E-01   
 0.000000E+00   
 6.067768E-02   
 1.582231E-01   
 0.000000E+00   
 0.000000E+00   
 2.083561E-01   
 0.000000E+00   
 0.000000E+00   
 1.605210E-03   
 1.724380E-01   
 1.302139E-01   
 2.024972E-02   
 0.000000E+00   
 0.000000E+00   
 5.750815E-09   
 4.127824E-02   
 0.000000E+00   
 1.996857E-02   
 0.000000E+00   
 0.000000E+00   
 0.000000E+00   
 0.000000E+00   
 0.000000E+00   
 0.000000E+00   
 0.000000E+00   
 0.000000E+00   
 0.000000E+00   
 0.000000E+00   
 0.000000E+00   
 0.000000E+00   
 0.000000E+00   
 0.000000E+00   
 0.000000E+00   
 0.000000E+00   
 0.000000E+00   
 0.000000E+00   
 0.000000E+00   
 0.000000E+00   
 0.000000E+00   
 0.000000E+00   
 0.000000E+00   
 0.000000E+00   
 0.000000E+00   
 0.000000E+00   
 0.000000E+00   
 0.000000E+00   
 0.000000E+00   
 0.000000E+00   
 0.000000E+00   
 0.000000E+00   
 0.000000E+00   
 0.000000E+00   
 0.000000E+00   
 0.000000E+00   
 0.000000E+00   
 0.000000E+00   
 0.000000E+00   
 0.000000E+00   
 0.000000E+00   
 0.000000E+00   
 0.000000E+00   
 0.000000E+00   
 0.000000E+00   
 0.000000E+00   
 0.000000E+00   
 0.000000E+00   
 0.000000E+00   
 0.000000E+00   
 0.000000E+00   
 0.000000E+00   
 0.000000E+00   
 0.000000E+00   
 0.000000E+00   
 0.000000E+00   
 0.000000E+00   
 0.000000E+00   
 0.000000E+00   
 0.000000E+00   
 0.000000E+00   
 0.000000E+00   
 0.000000E+00   
 0.000000E+00   
 0.000000E+00   
 0.000000E+00   
 0.000000E+00   
 0.000000E+00   
 0.000000E+00   
 0.000000E+00   
 0.000000E+00   
 0.000000E+00   
 0.000000E+00   
 0.000000E+00   
 0.000000E+00   
 0.000000E+00   
 0.000000E+00   
 0.000000E+00   
 0.000000E+00   
 0.000000E+00   
 0.000000E+00   
 0.000000E+00   
 0.000000E+00   
 0.000000E+00   
 0.000000E+00   
 0.000000E+00   
 0.000000E+00   
 0.000000E+00   
 0.000000E+00   
 0.000000E+00   
 0.000000E+00   
 0.000000E+00   
 0.000000E+00   
 0.000000E+00   
 0.000000E+00   
 4.125816E-02   
 0.000000E+00   
 0.000000E+00   
 1.756900E+00   
 6.355399E-01   
 7.479845E-01   
 2.964329E+00   
 1.431614E+00   
 2.911273E+00   
 2.183939E+00   
 4.999480E+00   
 4.724437E+00   
 2.887761E+00   
 5.878404E+00   
 3.623223E+00   
 3.640618E+00   
 6.669211E+00   
 4.281423E+00   
 7.431673E+00   
 4.942677E+00   
 8.153232E+00   
 5.593996E+00   
 5.525879E+00   
 8.808834E+00   
 9.381726E+00   
 6.736040E+00   
 9.889331E+00   
 7.292820E+00   
 7.524420E+00   
 7.866964E+00   
 1.074938E+01   
 9.998581E+00   
 1.111949E+01   
 8.718376E+00   
 1.054428E+01   
 9.108248E+00   
 9.484281E+00   
 1.193734E+01   
 1.252059E+01   
 1.176346E+01   
 1.285868E+01   
 1.307076E+01   
 1.182220E+01   
 1.326322E+01   
 1.205053E+01   
 1.175012E+01   
 1.334241E+01   
 1.253584E+01   
 1.382690E+01   
 1.193807E+01   
 0.000000E+00   
 0.000000E+00   
 0.000000E+00   
 0.000000E+00   
 0.000000E+00   
 0.000000E+00   
 0.000000E+00   
 0.000000E+00   
 0.000000E+00   
 0.000000E+00   
 0.000000E+00   
 0.000000E+00   
 0.000000E+00   
 0.000000E+00   
 0.000000E+00   
 0.000000E+00   
 0.000000E+00   
 0.000000E+00   
 0.000000E+00   
 0.000000E+00   
 0.000000E+00   
 0.000000E+00   
 0.000000E+00   
 0.000000E+00   
 0.000000E+00   
 0.000000E+00   
 0.000000E+00   
 0.000000E+00   
 0.000000E+00   
 0.000000E+00   
 0.000000E+00   
 0.000000E+00   
 0.000000E+00   
 0.000000E+00   
 0.000000E+00   
 0.000000E+00   
 0.000000E+00   
 0.000000E+00   
 0.000000E+00   
 0.000000E+00   
 0.000000E+00   
 0.000000E+00   
 0.000000E+00   
 0.000000E+00   
 0.000000E+00   
 0.000000E+00   
 0.000000E+00   
 0.000000E+00   
 0.000000E+00   
 0.000000E+00   
 0.000000E+00   
 0.000000E+00   
 0.000000E+00   
 0.000000E+00   
 0.000000E+00   
 0.000000E+00   
 0.000000E+00   
 0.000000E+00   
 0.000000E+00   
 0.000000E+00   
 0.000000E+00   
 0.000000E+00   
 1.501404E+00   
 1.604193E+01   
 1.653105E+01   
 1.463563E+01   
 1.346076E+01   
 1.775453E+01   
 1.342202E+01   
 1.200550E+01   
 1.635930E+01   
 1.174167E+01   
 1.069715E+01   
 1.229932E+01   
 1.307594E+01   
 1.302225E+01   
 1.188383E+01   
 1.026219E+01   
 1.101350E+01   
 1.021015E+01   
 9.017721E+00   
 9.640454E+00   
 7.941368E+00   
 8.641188E+00   
 6.900935E+00   
 6.393234E+00   
 7.122985E+00   
 5.309153E+00   
 4.338647E+00   
 3.532180E+00   
 4.321199E+00   
 2.464251E+00   
 3.277673E+00   
 1.334268E+00   
 2.565320E+00   
 1.336968E+00   
 4.338222E-01   
 8.812623E-01   
 6.061869E-02   
 0.000000E+00   
 0.000000E+00   
 0.000000E+00   
 0.000000E+00   
 0.000000E+00   
 0.000000E+00   
 0.000000E+00   
 0.000000E+00   
 0.000000E+00   
 0.000000E+00   
 0.000000E+00   
 0.000000E+00   
 0.000000E+00   
 0.000000E+00   
 0.000000E+00   
 0.000000E+00   
 0.000000E+00   
 0.000000E+00   
 0.000000E+00   
 0.000000E+00   
 0.000000E+00   
 0.000000E+00   
 0.000000E+00   
 0.000000E+00   
 0.000000E+00   
 0.000000E+00   
 0.000000E+00   
 0.000000E+00   
 0.000000E+00   
 0.000000E+00   
 0.000000E+00   
 0.000000E+00   
 0.000000E+00   
 0.000000E+00   
 0.000000E+00   
 0.000000E+00   
 0.000000E+00   
 0.000000E+00   
 0.000000E+00   
 0.000000E+00   
 0.000000E+00   
 0.000000E+00   
 0.000000E+00   
 0.000000E+00   
 0.000000E+00   
 0.000000E+00   
 0.000000E+00   
 0.000000E+00   
 0.000000E+00   
 0.000000E+00   
 0.000000E+00   
 0.000000E+00   
 0.000000E+00   
 0.000000E+00   
 0.000000E+00   
 0.000000E+00   
 0.000000E+00   
 0.000000E+00   
 0.000000E+00   
 0.000000E+00   
 0.000000E+00   
 0.000000E+00   
 0.000000E+00   
 0.000000E+00   
 0.000000E+00   
 0.000000E+00   
 0.000000E+00   
 0.000000E+00   
 0.000000E+00   
 0.000000E+00   
 0.000000E+00   
 0.000000E+00   
 0.000000E+00   
 0.000000E+00   
 0.000000E+00   
 0.000000E+00   
 0.000000E+00   
 0.000000E+00   
 0.000000E+00   
 0.000000E+00   
 0.000000E+00   
 0.000000E+00   
 0.000000E+00   
 0.000000E+00   
 0.000000E+00   
 0.000000E+00   
 0.000000E+00   
 0.000000E+00   
 0.000000E+00   
 0.000000E+00   
 0.000000E+00   
 0.000000E+00   
 0.000000E+00   
 0.000000E+00   
 0.000000E+00   
 0.000000E+00   
 0.000000E+00   
 0.000000E+00   
 0.000000E+00   
 0.000000E+00   
 0.000000E+00   
 0.000000E+00   
 0.000000E+00   
 0.000000E+00   
 0.000000E+00   
 0.000000E+00   
 0.000000E+00   
 0.000000E+00   
 0.000000E+00   
 0.000000E+00   
 0.000000E+00   
 0.000000E+00   
 0.000000E+00   
 0.000000E+00   
 0.000000E+00   
 0.000000E+00   
 0.000000E+00   
 0.000000E+00   
 0.000000E+00   
 5.607871E-01   
 0.000000E+00   
 5.842403E-02   
 1.161509E+00   
 0.000000E+00   
 0.000000E+00   
 1.101382E+00   
 0.000000E+00   
 0.000000E+00   
 0.000000E+00   
 1.055082E+00   
 0.000000E+00   
 0.000000E+00   
 1.019202E+00   
 0.000000E+00   
 0.000000E+00   
 9.928380E-01   
 0.000000E+00   
 8.482408E-02   
 0.000000E+00   
 0.000000E+00   
 7.174877E-02   
 0.000000E+00   
 0.000000E+00   
 1.893671E-02   
 9.373395E-01   
 5.704421E-02   
 0.000000E+00   
 1.605682E-02   
 9.033067E-01   
 4.625863E-01   
 0.000000E+00   
 4.569423E-02   
 8.322398E-01   
 0.000000E+00   
 5.675963E-03   
 8.229988E-01   
 0.000000E+00   
 0.000000E+00   
 2.009568E-02   
 3.788846E-01   
 0.000000E+00   
 4.250718E-05   
 7.829880E-01   
 0.000000E+00   
 0.000000E+00   
 0.000000E+00   
 7.585167E-01   
 0.000000E+00   
 0.000000E+00   
 7.651509E-04   
 7.544532E-01   
 0.000000E+00   
 5.268055E-03   
 7.104512E-01   
 1.346828E-02   
 0.000000E+00   
 0.000000E+00   
 6.880301E-01   
 2.009403E-01   
 0.000000E+00   
 3.973830E-02   
 6.907587E-01   
 6.312172E-01   
 0.000000E+00   
 1.027823E-01   
 5.708930E-01   
 0.000000E+00   
 1.866690E-02   
 9.816076E-02   
 0.000000E+00   
 0.000000E+00   
 6.201392E-01   
 0.000000E+00   
 0.000000E+00   
 6.190258E-01   
 0.000000E+00   
 0.000000E+00   
 9.062068E-02   
 6.050595E-01   
 3.876786E-03   
 0.000000E+00   
 3.340205E-02   
 5.843372E-01   
 4.292215E-01   
 0.000000E+00   
 1.736729E-02   
 5.030283E-01   
 4.076392E-03   
 0.000000E+00   
 2.050657E-02   
 6.332468E-02   
